{
  "selectedMarker" : {
    "marker" : "http:\/\/dev.skia.site\/ardata\/v2_374\/1482\/7_HEAD.with_ears.obj",
    "selectedStep" : {
      "resultPose" : [
        -0.99945664405822754,
        -0.031297314912080765,
        -0.010331874713301659,
        0.34589141607284546,
        -0.029455259442329407,
        0.70755255222320557,
        0.70604652166366577,
        -0.46972370147705078,
        -0.014787116087973118,
        0.7059672474861145,
        -0.70809006690979004,
        -0.22711034119129181,
        0,
        0,
        0,
        1
      ],
      "resultPoseForCloudCompare" : "-0.999456644058227539 -0.031297314912080765 -0.010331874713301659 0.345891416072845459 -0.029455259442329407 0.707552552223205566 0.706046521663665771 -0.469723701477050781 -0.014787116087973118 0.705967247486114502 -0.708090066909790039 -0.227110341191291809 0.000000000000000000 0.000000000000000000 0.000000000000000000 1.000000000000000000",
      "residualError" : 0.00095632506312498013,
      "name" : "Nose-LeftEye-RightEye",
      "initialPoseForCloudCompare" : "-0.994323968887329102 0.033070243895053864 -0.101123996078968048 0.344395279884338379 -0.042541451752185822 0.747601211071014404 0.662783980369567871 -0.463175326585769653 0.097518742084503174 0.663323998451232910 -0.741951048374176025 -0.232782781124114990 0.000000000000000000 0.000000000000000000 0.000000000000000000 1.000000000000000000",
      "initialPose" : [
        -0.9943239688873291,
        0.033070243895053864,
        -0.10112399607896805,
        0.34439527988433838,
        -0.042541451752185822,
        0.7476012110710144,
        0.66278398036956787,
        -0.46317532658576965,
        0.097518742084503174,
        0.66332399845123291,
        -0.74195104837417603,
        -0.23278278112411499,
        0,
        0,
        0,
        1
      ]
    },
    "results" : [
      {
        "resultPose" : [
          -0.99945664405822754,
          -0.031297314912080765,
          -0.010331874713301659,
          0.34589141607284546,
          -0.029455259442329407,
          0.70755255222320557,
          0.70604652166366577,
          -0.46972370147705078,
          -0.014787116087973118,
          0.7059672474861145,
          -0.70809006690979004,
          -0.22711034119129181,
          0,
          0,
          0,
          1
        ],
        "resultPoseForCloudCompare" : "-0.999456644058227539 -0.031297314912080765 -0.010331874713301659 0.345891416072845459 -0.029455259442329407 0.707552552223205566 0.706046521663665771 -0.469723701477050781 -0.014787116087973118 0.705967247486114502 -0.708090066909790039 -0.227110341191291809 0.000000000000000000 0.000000000000000000 0.000000000000000000 1.000000000000000000",
        "residualError" : 0.00095632506312498013,
        "name" : "Nose-LeftEye-RightEye",
        "initialPoseForCloudCompare" : "-0.994323968887329102 0.033070243895053864 -0.101123996078968048 0.344395279884338379 -0.042541451752185822 0.747601211071014404 0.662783980369567871 -0.463175326585769653 0.097518742084503174 0.663323998451232910 -0.741951048374176025 -0.232782781124114990 0.000000000000000000 0.000000000000000000 0.000000000000000000 1.000000000000000000",
        "initialPose" : [
          -0.9943239688873291,
          0.033070243895053864,
          -0.10112399607896805,
          0.34439527988433838,
          -0.042541451752185822,
          0.7476012110710144,
          0.66278398036956787,
          -0.46317532658576965,
          0.097518742084503174,
          0.66332399845123291,
          -0.74195104837417603,
          -0.23278278112411499,
          0,
          0,
          0,
          1
        ]
      },
      {
        "resultPose" : [
          -0.9994279146194458,
          -0.032202359288930893,
          -0.010320394299924374,
          0.34604832530021667,
          -0.030084157362580299,
          0.70735514163970947,
          0.70621758699417114,
          -0.46958467364311218,
          -0.015441684052348137,
          0.70612430572509766,
          -0.70791953802108765,
          -0.22702018916606903,
          0,
          0,
          0,
          1
        ],
        "resultPoseForCloudCompare" : "-0.999427914619445801 -0.032202359288930893 -0.010320394299924374 0.346048325300216675 -0.030084157362580299 0.707355141639709473 0.706217586994171143 -0.469584673643112183 -0.015441684052348137 0.706124305725097656 -0.707919538021087646 -0.227020189166069031 0.000000000000000000 0.000000000000000000 0.000000000000000000 1.000000000000000000",
        "residualError" : 0.00095867247436868044,
        "name" : "LeftEye-RightEye-Nose",
        "initialPoseForCloudCompare" : "-0.997228682041168213 -0.074269898235797882 0.004313443787395954 0.343641251325607300 -0.052749276161193848 0.746774017810821533 0.662982404232025146 -0.462361216545104980 -0.052460800856351852 0.660917818546295166 -0.748622417449951172 -0.220732286572456360 0.000000000000000000 0.000000000000000000 0.000000000000000000 1.000000000000000000",
        "initialPose" : [
          -0.99722868204116821,
          -0.074269898235797882,
          0.0043134437873959541,
          0.3436412513256073,
          -0.052749276161193848,
          0.74677401781082153,
          0.66298240423202515,
          -0.46236121654510498,
          -0.052460800856351852,
          0.66091781854629517,
          -0.74862241744995117,
          -0.22073228657245636,
          0,
          0,
          0,
          1
        ]
      },
      {
        "resultPose" : [
          -0.99940598011016846,
          -0.032546479254961014,
          -0.011357317678630352,
          0.34624785184860229,
          -0.031047368422150612,
          0.7067304253578186,
          0.70680147409439087,
          -0.46940317749977112,
          -0.014977386221289635,
          0.70673394203186035,
          -0.70732080936431885,
          -0.2273029237985611,
          0,
          0,
          0,
          1
        ],
        "resultPoseForCloudCompare" : "-0.999405980110168457 -0.032546479254961014 -0.011357317678630352 0.346247851848602295 -0.031047368422150612 0.706730425357818604 0.706801474094390869 -0.469403177499771118 -0.014977386221289635 0.706733942031860352 -0.707320809364318848 -0.227302923798561096 0.000000000000000000 0.000000000000000000 0.000000000000000000 1.000000000000000000",
        "residualError" : 0.00096083981699960968,
        "name" : "Nose-BetweenEyes-RightEye",
        "initialPoseForCloudCompare" : "-0.863826274871826172 -0.326795935630798340 -0.383417606353759766 0.460991322994232178 -0.496568173170089722 0.423903614282608032 0.757447004318237305 -0.357233762741088867 -0.084998548030853271 0.844695329666137695 -0.528455317020416260 -0.291329354047775269 0.000000000000000000 0.000000000000000000 0.000000000000000000 1.000000000000000000",
        "initialPose" : [
          -0.86382627487182617,
          -0.32679593563079834,
          -0.38341760635375977,
          0.46099132299423218,
          -0.49656817317008972,
          0.42390361428260803,
          0.7574470043182373,
          -0.35723376274108887,
          -0.084998548030853271,
          0.8446953296661377,
          -0.52845531702041626,
          -0.29132935404777527,
          0,
          0,
          0,
          1
        ]
      },
      {
        "resultPose" : [
          -0.99941110610961914,
          -0.032583955675363541,
          -0.010721232742071152,
          0.34612953662872314,
          -0.030639071017503738,
          0.70741170644760132,
          0.70613723993301392,
          -0.46955776214599609,
          -0.015424370765686035,
          0.7060503363609314,
          -0.70799368619918823,
          -0.22709816694259644,
          0,
          0,
          0,
          1
        ],
        "resultPoseForCloudCompare" : "-0.999411106109619141 -0.032583955675363541 -0.010721232742071152 0.346129536628723145 -0.030639071017503738 0.707411706447601318 0.706137239933013916 -0.469557762145996094 -0.015424370765686035 0.706050336360931396 -0.707993686199188232 -0.227098166942596436 0.000000000000000000 0.000000000000000000 0.000000000000000000 1.000000000000000000",
        "residualError" : 0.00095853062822972017,
        "name" : "BetweenEyes-RightEye-Nose",
        "initialPoseForCloudCompare" : "-0.809762775897979736 -0.569465279579162598 -0.141396418213844299 0.450307786464691162 -0.373310208320617676 0.314093708992004395 0.872917175292968750 -0.375935554504394531 -0.452684134244918823 0.759641051292419434 -0.466928720474243164 -0.240802764892578125 0.000000000000000000 0.000000000000000000 0.000000000000000000 1.000000000000000000",
        "initialPose" : [
          -0.80976277589797974,
          -0.5694652795791626,
          -0.1413964182138443,
          0.45030778646469116,
          -0.37331020832061768,
          0.31409370899200439,
          0.87291717529296875,
          -0.37593555450439453,
          -0.45268413424491882,
          0.75964105129241943,
          -0.46692872047424316,
          -0.24080276489257812,
          0,
          0,
          0,
          1
        ]
      },
      {
        "initialPoseForCloudCompare" : "-1.000000000000000000 -0.000000000000003821 -0.000000087422776573 0.333853870630264282 -0.000000087422776573 0.000000043711388287 1.000000000000000000 -0.364100098609924316 0.000000000000000000 1.000000000000000000 -0.000000043711388287 -0.432136178016662598 0.000000000000000000 0.000000000000000000 0.000000000000000000 1.000000000000000000",
        "angularError" : 45.057903289794922,
        "resultPoseForCloudCompare" : "-0.999428510665893555 -0.032302167266607285 -0.009959118440747261 0.345964878797531128 -0.029895875602960587 0.707189500331878662 0.706391751766204834 -0.469651073217391968 -0.015774998813867569 0.706285774707794189 -0.707751035690307617 -0.227067127823829651 0.000000000000000000 0.000000000000000000 0.000000000000000000 1.000000000000000000",
        "initialPose" : [
          -1,
          -3.82137093032941e-15,
          -8.7422776573475858e-08,
          0.33385387063026428,
          -8.7422776573475858e-08,
          4.3711388286737929e-08,
          1,
          -0.36410009860992432,
          0,
          1,
          -4.3711388286737929e-08,
          -0.4321361780166626,
          0,
          0,
          0,
          1
        ],
        "resultPose" : [
          -0.99942851066589355,
          -0.032302167266607285,
          -0.009959118440747261,
          0.34596487879753113,
          -0.029895875602960587,
          0.70718950033187866,
          0.70639175176620483,
          -0.46965107321739197,
          -0.015774998813867569,
          0.70628577470779419,
          -0.70775103569030762,
          -0.22706712782382965,
          0,
          0,
          0,
          1
        ],
        "residualError" : 0.00095756043710057946,
        "name" : "SynchronizedNosePosWatchingStandingAnterior"
      }
    ]
  },
  "calculatedData" : {
    "clinicalTrialSubData" : [
      {
        "matchedMarkingCenters" : [

        ],
        "resultPosMatrix" : [

        ]
      },
      {
        "matchedMarkingCenters" : [

        ],
        "resultPosMatrix" : [

        ]
      },
      {
        "matchedMarkingCenters" : [

        ],
        "resultPosMatrix" : [

        ]
      },
      {
        "matchedMarkingCenters" : [

        ],
        "resultPosMatrix" : [

        ]
      }
    ],
    "pointsOfInterest" : {
      "markingCenterOfMass" : [

      ],
      "closestSkinPoint" : [

      ],
      "lesionCenterOfMass" : [

      ]
    },
    "clinicalTrialData" : {
      "matchedMarkingCenters" : [

      ],
      "resultPosMatrix" : [

      ]
    }
  },
  "elapsedTime" : 2.6060709953308105,
  "results" : [
    {
      "marker" : "http:\/\/dev.skia.site\/ardata\/v2_374\/1482\/6_HEAD.face_only.obj",
      "selectedStep" : {
        "resultPose" : [
          -0.99949270486831665,
          0.0044940370135009289,
          -0.031524796038866043,
          0.34474736452102661,
          -0.019562024623155594,
          0.69450730085372925,
          0.7192193865776062,
          -0.47064942121505737,
          0.02512640506029129,
          0.71947145462036133,
          -0.69406735897064209,
          -0.23520305752754211,
          0,
          0,
          0,
          1
        ],
        "resultPoseForCloudCompare" : "-0.999492704868316650 0.004494037013500929 -0.031524796038866043 0.344747364521026611 -0.019562024623155594 0.694507300853729248 0.719219386577606201 -0.470649421215057373 0.025126405060291290 0.719471454620361328 -0.694067358970642090 -0.235203057527542114 0.000000000000000000 0.000000000000000000 0.000000000000000000 1.000000000000000000",
        "residualError" : 0.0015188338718966096,
        "name" : "LeftEye-RightEye-Nose",
        "initialPoseForCloudCompare" : "-0.997228682041168213 -0.074269898235797882 0.004313443787395954 0.343641251325607300 -0.052749276161193848 0.746774017810821533 0.662982404232025146 -0.462361216545104980 -0.052460800856351852 0.660917818546295166 -0.748622417449951172 -0.220732286572456360 0.000000000000000000 0.000000000000000000 0.000000000000000000 1.000000000000000000",
        "initialPose" : [
          -0.99722868204116821,
          -0.074269898235797882,
          0.0043134437873959541,
          0.3436412513256073,
          -0.052749276161193848,
          0.74677401781082153,
          0.66298240423202515,
          -0.46236121654510498,
          -0.052460800856351852,
          0.66091781854629517,
          -0.74862241744995117,
          -0.22073228657245636,
          0,
          0,
          0,
          1
        ]
      },
      "results" : [
        {
          "resultPose" : [
            -0.99950671195983887,
            0.005934602115303278,
            -0.030836788937449455,
            0.34444108605384827,
            -0.017955537885427475,
            0.69761514663696289,
            0.71624761819839478,
            -0.47122091054916382,
            0.025762751698493958,
            0.71644806861877441,
            -0.69716459512710571,
            -0.23412249982357025,
            0,
            0,
            0,
            1
          ],
          "resultPoseForCloudCompare" : "-0.999506711959838867 0.005934602115303278 -0.030836788937449455 0.344441086053848267 -0.017955537885427475 0.697615146636962891 0.716247618198394775 -0.471220910549163818 0.025762751698493958 0.716448068618774414 -0.697164595127105713 -0.234122499823570251 0.000000000000000000 0.000000000000000000 0.000000000000000000 1.000000000000000000",
          "residualError" : 0.0015252910143643121,
          "name" : "Nose-LeftEye-RightEye",
          "initialPoseForCloudCompare" : "-0.994323968887329102 0.033070243895053864 -0.101123996078968048 0.344395279884338379 -0.042541451752185822 0.747601211071014404 0.662783980369567871 -0.463175326585769653 0.097518742084503174 0.663323998451232910 -0.741951048374176025 -0.232782781124114990 0.000000000000000000 0.000000000000000000 0.000000000000000000 1.000000000000000000",
          "initialPose" : [
            -0.9943239688873291,
            0.033070243895053864,
            -0.10112399607896805,
            0.34439527988433838,
            -0.042541451752185822,
            0.7476012110710144,
            0.66278398036956787,
            -0.46317532658576965,
            0.097518742084503174,
            0.66332399845123291,
            -0.74195104837417603,
            -0.23278278112411499,
            0,
            0,
            0,
            1
          ]
        },
        {
          "resultPose" : [
            -0.99949270486831665,
            0.0044940370135009289,
            -0.031524796038866043,
            0.34474736452102661,
            -0.019562024623155594,
            0.69450730085372925,
            0.7192193865776062,
            -0.47064942121505737,
            0.02512640506029129,
            0.71947145462036133,
            -0.69406735897064209,
            -0.23520305752754211,
            0,
            0,
            0,
            1
          ],
          "resultPoseForCloudCompare" : "-0.999492704868316650 0.004494037013500929 -0.031524796038866043 0.344747364521026611 -0.019562024623155594 0.694507300853729248 0.719219386577606201 -0.470649421215057373 0.025126405060291290 0.719471454620361328 -0.694067358970642090 -0.235203057527542114 0.000000000000000000 0.000000000000000000 0.000000000000000000 1.000000000000000000",
          "residualError" : 0.0015188338718966096,
          "name" : "LeftEye-RightEye-Nose",
          "initialPoseForCloudCompare" : "-0.997228682041168213 -0.074269898235797882 0.004313443787395954 0.343641251325607300 -0.052749276161193848 0.746774017810821533 0.662982404232025146 -0.462361216545104980 -0.052460800856351852 0.660917818546295166 -0.748622417449951172 -0.220732286572456360 0.000000000000000000 0.000000000000000000 0.000000000000000000 1.000000000000000000",
          "initialPose" : [
            -0.99722868204116821,
            -0.074269898235797882,
            0.0043134437873959541,
            0.3436412513256073,
            -0.052749276161193848,
            0.74677401781082153,
            0.66298240423202515,
            -0.46236121654510498,
            -0.052460800856351852,
            0.66091781854629517,
            -0.74862241744995117,
            -0.22073228657245636,
            0,
            0,
            0,
            1
          ]
        },
        {
          "resultPose" : [
            -0.99968701601028442,
            0.0024101813323795795,
            -0.024912551045417786,
            0.3439578115940094,
            -0.016207952052354813,
            0.69612407684326172,
            0.71773862838745117,
            -0.4712410569190979,
            0.019072065129876137,
            0.71791750192642212,
            -0.69586688280105591,
            -0.23386725783348083,
            0,
            0,
            0,
            1
          ],
          "resultPoseForCloudCompare" : "-0.999687016010284424 0.002410181332379580 -0.024912551045417786 0.343957811594009399 -0.016207952052354813 0.696124076843261719 0.717738628387451172 -0.471241056919097900 0.019072065129876137 0.717917501926422119 -0.695866882801055908 -0.233867257833480835 0.000000000000000000 0.000000000000000000 0.000000000000000000 1.000000000000000000",
          "residualError" : 0.001526335980525114,
          "name" : "Nose-BetweenEyes-RightEye",
          "initialPoseForCloudCompare" : "-0.863826274871826172 -0.326795935630798340 -0.383417606353759766 0.460991322994232178 -0.496568173170089722 0.423903614282608032 0.757447004318237305 -0.357233762741088867 -0.084998548030853271 0.844695329666137695 -0.528455317020416260 -0.291329354047775269 0.000000000000000000 0.000000000000000000 0.000000000000000000 1.000000000000000000",
          "initialPose" : [
            -0.86382627487182617,
            -0.32679593563079834,
            -0.38341760635375977,
            0.46099132299423218,
            -0.49656817317008972,
            0.42390361428260803,
            0.7574470043182373,
            -0.35723376274108887,
            -0.084998548030853271,
            0.8446953296661377,
            -0.52845531702041626,
            -0.29132935404777527,
            0,
            0,
            0,
            1
          ]
        },
        {
          "resultPose" : [
            -0.99952137470245361,
            0.0086018778383731842,
            -0.029701754450798035,
            0.34386014938354492,
            -0.015229708515107632,
            0.69901400804519653,
            0.71494567394256592,
            -0.4715399444103241,
            0.026911849156022072,
            0.71505630016326904,
            -0.69854873418807983,
            -0.23382095992565155,
            0,
            0,
            0,
            1
          ],
          "resultPoseForCloudCompare" : "-0.999521374702453613 0.008601877838373184 -0.029701754450798035 0.343860149383544922 -0.015229708515107632 0.699014008045196533 0.714945673942565918 -0.471539944410324097 0.026911849156022072 0.715056300163269043 -0.698548734188079834 -0.233820959925651550 0.000000000000000000 0.000000000000000000 0.000000000000000000 1.000000000000000000",
          "residualError" : 0.0015268805649730382,
          "name" : "BetweenEyes-RightEye-Nose",
          "initialPoseForCloudCompare" : "-0.809762775897979736 -0.569465279579162598 -0.141396418213844299 0.450307786464691162 -0.373310208320617676 0.314093708992004395 0.872917175292968750 -0.375935554504394531 -0.452684134244918823 0.759641051292419434 -0.466928720474243164 -0.240802764892578125 0.000000000000000000 0.000000000000000000 0.000000000000000000 1.000000000000000000",
          "initialPose" : [
            -0.80976277589797974,
            -0.5694652795791626,
            -0.1413964182138443,
            0.45030778646469116,
            -0.37331020832061768,
            0.31409370899200439,
            0.87291717529296875,
            -0.37593555450439453,
            -0.45268413424491882,
            0.75964105129241943,
            -0.46692872047424316,
            -0.24080276489257812,
            0,
            0,
            0,
            1
          ]
        },
        {
          "initialPoseForCloudCompare" : "-1.000000000000000000 -0.000000000000003821 -0.000000087422776573 0.333853870630264282 -0.000000087422776573 0.000000043711388287 1.000000000000000000 -0.364100098609924316 0.000000000000000000 1.000000000000000000 -0.000000043711388287 -0.432136178016662598 0.000000000000000000 0.000000000000000000 0.000000000000000000 1.000000000000000000",
          "angularError" : 44.251338958740234,
          "resultPoseForCloudCompare" : "-0.999481320381164551 0.006952579598873854 -0.031445175409317017 0.344410240650177002 -0.017682895064353943 0.697583138942718506 0.716285586357116699 -0.471203148365020752 0.026915656402707100 0.716470122337341309 -0.697098374366760254 -0.234299033880233765 0.000000000000000000 0.000000000000000000 0.000000000000000000 1.000000000000000000",
          "initialPose" : [
            -1,
            -3.82137093032941e-15,
            -8.7422776573475858e-08,
            0.33385387063026428,
            -8.7422776573475858e-08,
            4.3711388286737929e-08,
            1,
            -0.36410009860992432,
            0,
            1,
            -4.3711388286737929e-08,
            -0.4321361780166626,
            0,
            0,
            0,
            1
          ],
          "resultPose" : [
            -0.99948132038116455,
            0.0069525795988738537,
            -0.031445175409317017,
            0.344410240650177,
            -0.017682895064353943,
            0.69758313894271851,
            0.7162855863571167,
            -0.47120314836502075,
            0.0269156564027071,
            0.71647012233734131,
            -0.69709837436676025,
            -0.23429903388023376,
            0,
            0,
            0,
            1
          ],
          "residualError" : 0.0015204442030896834,
          "name" : "SynchronizedNosePosWatchingStandingAnterior"
        }
      ]
    },
    {
      "marker" : "http:\/\/dev.skia.site\/ardata\/v2_374\/1482\/5_HEAD.default.obj",
      "selectedStep" : {
        "resultPose" : [
          -0.99939990043640137,
          -0.033718947321176529,
          -0.0079195918515324593,
          0.34569838643074036,
          -0.029381349682807922,
          0.70422917604446411,
          0.70936447381973267,
          -0.4704761803150177,
          -0.018341915681958199,
          0.70917153358459473,
          -0.70479738712310791,
          -0.22676873207092285,
          0,
          0,
          0,
          1
        ],
        "resultPoseForCloudCompare" : "-0.999399900436401367 -0.033718947321176529 -0.007919591851532459 0.345698386430740356 -0.029381349682807922 0.704229176044464111 0.709364473819732666 -0.470476180315017700 -0.018341915681958199 0.709171533584594727 -0.704797387123107910 -0.226768732070922852 0.000000000000000000 0.000000000000000000 0.000000000000000000 1.000000000000000000",
        "residualError" : 0.0011446217424508011,
        "name" : "Nose-LeftEye-RightEye",
        "initialPoseForCloudCompare" : "-0.994323968887329102 0.033070243895053864 -0.101123996078968048 0.344395279884338379 -0.042541451752185822 0.747601211071014404 0.662783980369567871 -0.463175326585769653 0.097518742084503174 0.663323998451232910 -0.741951048374176025 -0.232782781124114990 0.000000000000000000 0.000000000000000000 0.000000000000000000 1.000000000000000000",
        "initialPose" : [
          -0.9943239688873291,
          0.033070243895053864,
          -0.10112399607896805,
          0.34439527988433838,
          -0.042541451752185822,
          0.7476012110710144,
          0.66278398036956787,
          -0.46317532658576965,
          0.097518742084503174,
          0.66332399845123291,
          -0.74195104837417603,
          -0.23278278112411499,
          0,
          0,
          0,
          1
        ]
      },
      "results" : [
        {
          "resultPose" : [
            -0.99939990043640137,
            -0.033718947321176529,
            -0.0079195918515324593,
            0.34569838643074036,
            -0.029381349682807922,
            0.70422917604446411,
            0.70936447381973267,
            -0.4704761803150177,
            -0.018341915681958199,
            0.70917153358459473,
            -0.70479738712310791,
            -0.22676873207092285,
            0,
            0,
            0,
            1
          ],
          "resultPoseForCloudCompare" : "-0.999399900436401367 -0.033718947321176529 -0.007919591851532459 0.345698386430740356 -0.029381349682807922 0.704229176044464111 0.709364473819732666 -0.470476180315017700 -0.018341915681958199 0.709171533584594727 -0.704797387123107910 -0.226768732070922852 0.000000000000000000 0.000000000000000000 0.000000000000000000 1.000000000000000000",
          "residualError" : 0.0011446217424508011,
          "name" : "Nose-LeftEye-RightEye",
          "initialPoseForCloudCompare" : "-0.994323968887329102 0.033070243895053864 -0.101123996078968048 0.344395279884338379 -0.042541451752185822 0.747601211071014404 0.662783980369567871 -0.463175326585769653 0.097518742084503174 0.663323998451232910 -0.741951048374176025 -0.232782781124114990 0.000000000000000000 0.000000000000000000 0.000000000000000000 1.000000000000000000",
          "initialPose" : [
            -0.9943239688873291,
            0.033070243895053864,
            -0.10112399607896805,
            0.34439527988433838,
            -0.042541451752185822,
            0.7476012110710144,
            0.66278398036956787,
            -0.46317532658576965,
            0.097518742084503174,
            0.66332399845123291,
            -0.74195104837417603,
            -0.23278278112411499,
            0,
            0,
            0,
            1
          ]
        },
        {
          "resultPose" : [
            -0.99943572282791138,
            -0.032324705272912979,
            -0.0091109788045287132,
            0.34577235579490662,
            -0.029258359223604202,
            0.70486527681350708,
            0.70873725414276123,
            -0.47059601545333862,
            -0.016487704589962959,
            0.70860415697097778,
            -0.7054135799407959,
            -0.22677616775035858,
            0,
            0,
            0,
            1
          ],
          "resultPoseForCloudCompare" : "-0.999435722827911377 -0.032324705272912979 -0.009110978804528713 0.345772355794906616 -0.029258359223604202 0.704865276813507080 0.708737254142761230 -0.470596015453338623 -0.016487704589962959 0.708604156970977783 -0.705413579940795898 -0.226776167750358582 0.000000000000000000 0.000000000000000000 0.000000000000000000 1.000000000000000000",
          "residualError" : 0.0011512421755302828,
          "name" : "LeftEye-RightEye-Nose",
          "initialPoseForCloudCompare" : "-0.997228682041168213 -0.074269898235797882 0.004313443787395954 0.343641251325607300 -0.052749276161193848 0.746774017810821533 0.662982404232025146 -0.462361216545104980 -0.052460800856351852 0.660917818546295166 -0.748622417449951172 -0.220732286572456360 0.000000000000000000 0.000000000000000000 0.000000000000000000 1.000000000000000000",
          "initialPose" : [
            -0.99722868204116821,
            -0.074269898235797882,
            0.0043134437873959541,
            0.3436412513256073,
            -0.052749276161193848,
            0.74677401781082153,
            0.66298240423202515,
            -0.46236121654510498,
            -0.052460800856351852,
            0.66091781854629517,
            -0.74862241744995117,
            -0.22073228657245636,
            0,
            0,
            0,
            1
          ]
        },
        {
          "resultPose" : [
            -0.99940246343612671,
            -0.033673085272312164,
            -0.007832009345293045,
            0.34567594528198242,
            -0.029287431389093399,
            0.70425283908843994,
            0.70934504270553589,
            -0.47050946950912476,
            -0.018370172008872032,
            0.70915031433105469,
            -0.70481795072555542,
            -0.22668375074863434,
            0,
            0,
            0,
            1
          ],
          "resultPoseForCloudCompare" : "-0.999402463436126709 -0.033673085272312164 -0.007832009345293045 0.345675945281982422 -0.029287431389093399 0.704252839088439941 0.709345042705535889 -0.470509469509124756 -0.018370172008872032 0.709150314331054688 -0.704817950725555420 -0.226683750748634338 0.000000000000000000 0.000000000000000000 0.000000000000000000 1.000000000000000000",
          "residualError" : 0.0011468089509489719,
          "name" : "Nose-BetweenEyes-RightEye",
          "initialPoseForCloudCompare" : "-0.863826274871826172 -0.326795935630798340 -0.383417606353759766 0.460991322994232178 -0.496568173170089722 0.423903614282608032 0.757447004318237305 -0.357233762741088867 -0.084998548030853271 0.844695329666137695 -0.528455317020416260 -0.291329354047775269 0.000000000000000000 0.000000000000000000 0.000000000000000000 1.000000000000000000",
          "initialPose" : [
            -0.86382627487182617,
            -0.32679593563079834,
            -0.38341760635375977,
            0.46099132299423218,
            -0.49656817317008972,
            0.42390361428260803,
            0.7574470043182373,
            -0.35723376274108887,
            -0.084998548030853271,
            0.8446953296661377,
            -0.52845531702041626,
            -0.29132935404777527,
            0,
            0,
            0,
            1
          ]
        },
        {
          "resultPose" : [
            -0.99941104650497437,
            -0.033243171870708466,
            -0.0084622083231806755,
            0.3457273542881012,
            -0.029437314718961716,
            0.70448285341262817,
            0.70911020040512085,
            -0.47050204873085022,
            -0.017611544579267502,
            0.70894211530685425,
            -0.70504677295684814,
            -0.22674103081226349,
            0,
            0,
            0,
            1
          ],
          "resultPoseForCloudCompare" : "-0.999411046504974365 -0.033243171870708466 -0.008462208323180676 0.345727354288101196 -0.029437314718961716 0.704482853412628174 0.709110200405120850 -0.470502048730850220 -0.017611544579267502 0.708942115306854248 -0.705046772956848145 -0.226741030812263489 0.000000000000000000 0.000000000000000000 0.000000000000000000 1.000000000000000000",
          "residualError" : 0.0011499236712645114,
          "name" : "BetweenEyes-RightEye-Nose",
          "initialPoseForCloudCompare" : "-0.809762775897979736 -0.569465279579162598 -0.141396418213844299 0.450307786464691162 -0.373310208320617676 0.314093708992004395 0.872917175292968750 -0.375935554504394531 -0.452684134244918823 0.759641051292419434 -0.466928720474243164 -0.240802764892578125 0.000000000000000000 0.000000000000000000 0.000000000000000000 1.000000000000000000",
          "initialPose" : [
            -0.80976277589797974,
            -0.5694652795791626,
            -0.1413964182138443,
            0.45030778646469116,
            -0.37331020832061768,
            0.31409370899200439,
            0.87291717529296875,
            -0.37593555450439453,
            -0.45268413424491882,
            0.75964105129241943,
            -0.46692872047424316,
            -0.24080276489257812,
            0,
            0,
            0,
            1
          ]
        },
        {
          "initialPoseForCloudCompare" : "-1.000000000000000000 -0.000000000000003821 -0.000000087422776573 0.333853870630264282 -0.000000087422776573 0.000000043711388287 1.000000000000000000 -0.364100098609924316 0.000000000000000000 1.000000000000000000 -0.000000043711388287 -0.432136178016662598 0.000000000000000000 0.000000000000000000 0.000000000000000000 1.000000000000000000",
          "angularError" : 44.807533264160156,
          "resultPoseForCloudCompare" : "-0.999380946159362793 -0.034267671406269073 -0.007964958436787128 0.345766782760620117 -0.029797187075018883 0.704097390174865723 0.709478020668029785 -0.470446437597274780 -0.018704053014516830 0.709276139736175537 -0.704682588577270508 -0.226715371012687683 0.000000000000000000 0.000000000000000000 0.000000000000000000 1.000000000000000000",
          "initialPose" : [
            -1,
            -3.82137093032941e-15,
            -8.7422776573475858e-08,
            0.33385387063026428,
            -8.7422776573475858e-08,
            4.3711388286737929e-08,
            1,
            -0.36410009860992432,
            0,
            1,
            -4.3711388286737929e-08,
            -0.4321361780166626,
            0,
            0,
            0,
            1
          ],
          "resultPose" : [
            -0.99938094615936279,
            -0.034267671406269073,
            -0.0079649584367871284,
            0.34576678276062012,
            -0.029797187075018883,
            0.70409739017486572,
            0.70947802066802979,
            -0.47044643759727478,
            -0.01870405301451683,
            0.70927613973617554,
            -0.70468258857727051,
            -0.22671537101268768,
            0,
            0,
            0,
            1
          ],
          "residualError" : 0.0011457240699305443,
          "name" : "SynchronizedNosePosWatchingStandingAnterior"
        }
      ]
    },
    {
      "marker" : "http:\/\/dev.skia.site\/ardata\/v2_374\/1482\/4_4_HEAD.classic.obj",
      "selectedStep" : {
        "resultPose" : [
          -0.99959701299667358,
          -0.027961479499936104,
          -0.0048563359305262566,
          0.34456893801689148,
          -0.02363302931189537,
          0.72537696361541748,
          0.68794572353363037,
          -0.46924859285354614,
          -0.015713302418589592,
          0.68778353929519653,
          -0.72574573755264282,
          -0.22204643487930298,
          0,
          0,
          0,
          1
        ],
        "resultPoseForCloudCompare" : "-0.999597012996673584 -0.027961479499936104 -0.004856335930526257 0.344568938016891479 -0.023633029311895370 0.725376963615417480 0.687945723533630371 -0.469248592853546143 -0.015713302418589592 0.687783539295196533 -0.725745737552642822 -0.222046434879302979 0.000000000000000000 0.000000000000000000 0.000000000000000000 1.000000000000000000",
        "residualError" : 0.0010337201952739798,
        "name" : "LeftEye-RightEye-Nose",
        "initialPoseForCloudCompare" : "-0.997228682041168213 -0.074269898235797882 0.004313443787395954 0.343641251325607300 -0.052749276161193848 0.746774017810821533 0.662982404232025146 -0.462361216545104980 -0.052460800856351852 0.660917818546295166 -0.748622417449951172 -0.220732286572456360 0.000000000000000000 0.000000000000000000 0.000000000000000000 1.000000000000000000",
        "initialPose" : [
          -0.99722868204116821,
          -0.074269898235797882,
          0.0043134437873959541,
          0.3436412513256073,
          -0.052749276161193848,
          0.74677401781082153,
          0.66298240423202515,
          -0.46236121654510498,
          -0.052460800856351852,
          0.66091781854629517,
          -0.74862241744995117,
          -0.22073228657245636,
          0,
          0,
          0,
          1
        ]
      },
      "results" : [
        {
          "resultPose" : [
            -0.99956983327865601,
            -0.028611371293663979,
            -0.0064324205741286278,
            0.34496235847473145,
            -0.025240235030651093,
            0.72769659757614136,
            0.68543457984924316,
            -0.46889874339103699,
            -0.014930472709238529,
            0.68530213832855225,
            -0.72810584306716919,
            -0.22152315080165863,
            0,
            0,
            0,
            1
          ],
          "resultPoseForCloudCompare" : "-0.999569833278656006 -0.028611371293663979 -0.006432420574128628 0.344962358474731445 -0.025240235030651093 0.727696597576141357 0.685434579849243164 -0.468898743391036987 -0.014930472709238529 0.685302138328552246 -0.728105843067169189 -0.221523150801658630 0.000000000000000000 0.000000000000000000 0.000000000000000000 1.000000000000000000",
          "residualError" : 0.0010400154576079995,
          "name" : "Nose-LeftEye-RightEye",
          "initialPoseForCloudCompare" : "-0.994323968887329102 0.033070243895053864 -0.101123996078968048 0.344395279884338379 -0.042541451752185822 0.747601211071014404 0.662783980369567871 -0.463175326585769653 0.097518742084503174 0.663323998451232910 -0.741951048374176025 -0.232782781124114990 0.000000000000000000 0.000000000000000000 0.000000000000000000 1.000000000000000000",
          "initialPose" : [
            -0.9943239688873291,
            0.033070243895053864,
            -0.10112399607896805,
            0.34439527988433838,
            -0.042541451752185822,
            0.7476012110710144,
            0.66278398036956787,
            -0.46317532658576965,
            0.097518742084503174,
            0.66332399845123291,
            -0.74195104837417603,
            -0.23278278112411499,
            0,
            0,
            0,
            1
          ]
        },
        {
          "resultPose" : [
            -0.99959701299667358,
            -0.027961479499936104,
            -0.0048563359305262566,
            0.34456893801689148,
            -0.02363302931189537,
            0.72537696361541748,
            0.68794572353363037,
            -0.46924859285354614,
            -0.015713302418589592,
            0.68778353929519653,
            -0.72574573755264282,
            -0.22204643487930298,
            0,
            0,
            0,
            1
