{
  "selectedMarker" : {
    "marker" : "http:\/\/dev.skia.site\/ardata\/v2_374\/1482\/7_HEAD.with_ears.obj",
    "selectedStep" : {
      "initialPoseForCloudCompare" : "-0.000000043711388287 0.000000000000000000 1.000000000000000000 0.061966955661773682 0.000000000000000000 1.000000000000000000 0.000000000000000000 -0.394280374050140381 -1.000000000000000000 0.000000000000000000 -0.000000043711388287 -0.117265284061431885 0.000000000000000000 0.000000000000000000 0.000000000000000000 1.000000000000000000",
      "angularError" : 1.2970917224884033,
      "resultPoseForCloudCompare" : "0.047294311225414276 -0.022629203274846077 0.998624622821807861 0.075616694986820221 0.000493125582579523 0.999743759632110596 0.022631207481026649 -0.393179059028625488 -0.998880863189697266 -0.000577880011405796 0.047293353825807571 -0.137042492628097534 0.000000000000000000 0.000000000000000000 0.000000000000000000 1.000000000000000000",
      "initialPose" : [
        -4.3711388286737929e-08,
        0,
        1,
        0.061966955661773682,
        0,
        1,
        0,
        -0.39428037405014038,
        -1,
        0,
        -4.3711388286737929e-08,
        -0.11726528406143188,
        0,
        0,
        0,
        1
      ],
      "resultPose" : [
        0.047294311225414276,
        -0.022629203274846077,
        0.99862462282180786,
        0.075616694986820221,
        0.00049312558257952332,
        0.9997437596321106,
        0.022631207481026649,
        -0.39317905902862549,
        -0.99888086318969727,
        -0.00057788001140579581,
        0.047293353825807571,
        -0.13704249262809753,
        0,
        0,
        0,
        1
      ],
      "residualError" : 0.00074845133085022842,
      "name" : "SynchronizedNosePosWatchingSupineLeft"
    },
    "results" : [
      {
        "resultPose" : [
          0.017277438193559647,
          -0.47456434369087219,
          0.88005119562149048,
          0.14046278595924377,
          -0.025500020012259483,
          0.87968713045120239,
          0.47486856579780579,
          -0.45550838112831116,
          -0.99952542781829834,
          -0.030645845457911491,
          0.0030974429100751877,
          -0.12591071426868439,
          0,
          0,
          0,
          1
        ],
        "resultPoseForCloudCompare" : "0.017277438193559647 -0.474564343690872192 0.880051195621490479 0.140462785959243774 -0.025500020012259483 0.879687130451202393 0.474868565797805786 -0.455508381128311157 -0.999525427818298340 -0.030645845457911491 0.003097442910075188 -0.125910714268684387 0.000000000000000000 0.000000000000000000 0.000000000000000000 1.000000000000000000",
        "residualError" : 0.001087624062079344,
        "name" : "Nose-LeftEye-RightEye",
        "initialPoseForCloudCompare" : "-0.067708969116210938 -0.206791400909423828 0.976039290428161621 0.119858846068382263 0.089984126389026642 0.973031640052795410 0.212396383285522461 -0.437406420707702637 -0.993638873100280762 0.102209195494651794 -0.047274932265281677 -0.131978571414947510 0.000000000000000000 0.000000000000000000 0.000000000000000000 1.000000000000000000",
        "initialPose" : [
          -0.067708969116210938,
          -0.20679140090942383,
          0.97603929042816162,
          0.11985884606838226,
          0.089984126389026642,
          0.97303164005279541,
          0.21239638328552246,
          -0.43740642070770264,
          -0.99363887310028076,
          0.10220919549465179,
          -0.047274932265281677,
          -0.13197857141494751,
          0,
          0,
          0,
          1
        ]
      },
      {
        "resultPose" : [
          0.01655915193259716,
          -0.4734862744808197,
          0.88064557313919067,
          0.14038398861885071,
          -0.027080025523900986,
          0.88023072481155396,
          0.47377237677574158,
          -0.45551931858062744,
          -0.9994959831237793,
          -0.031693171709775925,
          0.0017538592219352722,
          -0.1254810094833374,
          0,
          0,
          0,
          1
        ],
        "resultPoseForCloudCompare" : "0.016559151932597160 -0.473486274480819702 0.880645573139190674 0.140383988618850708 -0.027080025523900986 0.880230724811553955 0.473772376775741577 -0.455519318580627441 -0.999495983123779297 -0.031693171709775925 0.001753859221935272 -0.125481009483337402 0.000000000000000000 0.000000000000000000 0.000000000000000000 1.000000000000000000",
        "residualError" : 0.0010807431936788662,
        "name" : "LeftEye-RightEye-Nose",
        "initialPoseForCloudCompare" : "0.058995697647333145 -0.200861960649490356 0.977841496467590332 0.105312392115592957 0.005915340036153793 0.979600667953491211 0.200866311788558960 -0.427203655242919922 -0.998240590095520020 -0.006065990775823593 0.058980405330657959 -0.137121230363845825 0.000000000000000000 0.000000000000000000 0.000000000000000000 1.000000000000000000",
        "initialPose" : [
          0.058995697647333145,
          -0.20086196064949036,
          0.97784149646759033,
          0.10531239211559296,
          0.0059153400361537933,
          0.97960066795349121,
          0.20086631178855896,
          -0.42720365524291992,
          -0.99824059009552002,
          -0.0060659907758235931,
          0.058980405330657959,
          -0.13712123036384583,
          0,
          0,
          0,
          1
        ]
      },
      {
        "resultPose" : [
          0.017221776768565178,
          -0.4734022319316864,
          0.88067787885665894,
          0.14018742740154266,
          -0.027552904561161995,
          0.88024932146072388,
          0.47371059656143188,
          -0.45556262135505676,
          -0.99947214126586914,
          -0.032423354685306549,
          0.0021157588344067335,
          -0.12548775970935822,
          0,
          0,
          0,
          1
        ],
        "resultPoseForCloudCompare" : "0.017221776768565178 -0.473402231931686401 0.880677878856658936 0.140187427401542664 -0.027552904561161995 0.880249321460723877 0.473710596561431885 -0.455562621355056763 -0.999472141265869141 -0.032423354685306549 0.002115758834406734 -0.125487759709358215 0.000000000000000000 0.000000000000000000 0.000000000000000000 1.000000000000000000",
        "residualError" : 0.0010813467936473394,
        "name" : "Nose-BetweenEyes-RightEye",
        "initialPoseForCloudCompare" : "-0.126468062400817871 -0.283021777868270874 0.950738787651062012 0.148052275180816650 0.016003608703613281 0.957727551460266113 0.287230998277664185 -0.439315766096115112 -0.991841733455657959 0.051540810614824295 -0.116592645645141602 -0.108266182243824005 0.000000000000000000 0.000000000000000000 0.000000000000000000 1.000000000000000000",
        "initialPose" : [
          -0.12646806240081787,
          -0.28302177786827087,
          0.95073878765106201,
          0.14805227518081665,
          0.016003608703613281,
          0.95772755146026611,
          0.28723099827766418,
          -0.43931576609611511,
          -0.99184173345565796,
          0.051540810614824295,
          -0.1165926456451416,
          -0.10826618224382401,
          0,
          0,
          0,
          1
        ]
      },
      {
        "resultPose" : [
          0.016657030209898949,
          -0.47373172640800476,
          0.88051140308380127,
          0.14038002490997314,
          -0.028204141184687614,
          0.88006073236465454,
          0.47402256727218628,
          -0.45550456643104553,
          -0.99946296215057373,
          -0.032729871571063995,
          0.0012980202445760369,
          -0.12530052661895752,
          0,
          0,
          0,
          1
        ],
        "resultPoseForCloudCompare" : "0.016657030209898949 -0.473731726408004761 0.880511403083801270 0.140380024909973145 -0.028204141184687614 0.880060732364654541 0.474022567272186279 -0.455504566431045532 -0.999462962150573730 -0.032729871571063995 0.001298020244576037 -0.125300526618957520 0.000000000000000000 0.000000000000000000 0.000000000000000000 1.000000000000000000",
        "residualError" : 0.0010823491550316915,
        "name" : "BetweenEyes-RightEye-Nose",
        "initialPoseForCloudCompare" : "0.073333628475666046 -0.277951657772064209 0.957791507244110107 0.122107118368148804 -0.094571344554424286 0.954111814498901367 0.284124553203582764 -0.424969077110290527 -0.992812991142272949 -0.111415557563304901 0.043682247400283813 -0.110555626451969147 0.000000000000000000 0.000000000000000000 0.000000000000000000 1.000000000000000000",
        "initialPose" : [
          0.073333628475666046,
          -0.27795165777206421,
          0.95779150724411011,
          0.1221071183681488,
          -0.094571344554424286,
          0.95411181449890137,
          0.28412455320358276,
          -0.42496907711029053,
          -0.99281299114227295,
          -0.1114155575633049,
          0.043682247400283813,
          -0.11055562645196915,
          0,
          0,
          0,
          1
        ]
      },
      {
        "initialPoseForCloudCompare" : "-0.000000043711388287 0.000000000000000000 1.000000000000000000 0.061966955661773682 0.000000000000000000 1.000000000000000000 0.000000000000000000 -0.394280374050140381 -1.000000000000000000 0.000000000000000000 -0.000000043711388287 -0.117265284061431885 0.000000000000000000 0.000000000000000000 0.000000000000000000 1.000000000000000000",
        "angularError" : 1.2970917224884033,
        "resultPoseForCloudCompare" : "0.047294311225414276 -0.022629203274846077 0.998624622821807861 0.075616694986820221 0.000493125582579523 0.999743759632110596 0.022631207481026649 -0.393179059028625488 -0.998880863189697266 -0.000577880011405796 0.047293353825807571 -0.137042492628097534 0.000000000000000000 0.000000000000000000 0.000000000000000000 1.000000000000000000",
        "initialPose" : [
          -4.3711388286737929e-08,
          0,
          1,
          0.061966955661773682,
          0,
          1,
          0,
          -0.39428037405014038,
          -1,
          0,
          -4.3711388286737929e-08,
          -0.11726528406143188,
          0,
          0,
          0,
          1
        ],
        "resultPose" : [
          0.047294311225414276,
          -0.022629203274846077,
          0.99862462282180786,
          0.075616694986820221,
          0.00049312558257952332,
          0.9997437596321106,
          0.022631207481026649,
          -0.39317905902862549,
          -0.99888086318969727,
          -0.00057788001140579581,
          0.047293353825807571,
          -0.13704249262809753,
          0,
          0,
          0,
          1
        ],
        "residualError" : 0.00074845133085022842,
        "name" : "SynchronizedNosePosWatchingSupineLeft"
      }
    ]
  },
  "calculatedData" : {
    "clinicalTrialSubData" : [
      {
        "matchedMarkingCenters" : [

        ],
        "resultPosMatrix" : [

        ]
      },
      {
        "matchedMarkingCenters" : [

        ],
        "resultPosMatrix" : [

        ]
      },
      {
        "matchedMarkingCenters" : [

        ],
        "resultPosMatrix" : [

        ]
      },
      {
        "matchedMarkingCenters" : [

        ],
        "resultPosMatrix" : [

        ]
      }
    ],
    "pointsOfInterest" : {
      "markingCenterOfMass" : [

      ],
      "closestSkinPoint" : [

      ],
      "lesionCenterOfMass" : [

      ]
    },
    "clinicalTrialData" : {
      "matchedMarkingCenters" : [

      ],
      "resultPosMatrix" : [

      ]
    }
  },
  "elapsedTime" : 2.240090012550354,
  "results" : [
    {
      "marker" : "http:\/\/dev.skia.site\/ardata\/v2_374\/1482\/6_HEAD.face_only.obj",
      "selectedStep" : {
        "resultPose" : [
          0.04251006618142128,
          -0.020010890439152718,
          0.99889546632766724,
          0.074874430894851685,
          -0.00076111010275781155,
          0.99979835748672485,
          0.020061345770955086,
          -0.3925742506980896,
          -0.99909591674804688,
          -0.0016130651347339153,
          0.04248616099357605,
          -0.13566233217716217,
          0,
          0,
          0,
          1
        ],
        "resultPoseForCloudCompare" : "0.042510066181421280 -0.020010890439152718 0.998895466327667236 0.074874430894851685 -0.000761110102757812 0.999798357486724854 0.020061345770955086 -0.392574250698089600 -0.999095916748046875 -0.001613065134733915 0.042486160993576050 -0.135662332177162170 0.000000000000000000 0.000000000000000000 0.000000000000000000 1.000000000000000000",
        "residualError" : 0.00096735823101077613,
        "name" : "Nose-BetweenEyes-RightEye",
        "initialPoseForCloudCompare" : "-0.126468062400817871 -0.283021777868270874 0.950738787651062012 0.148052275180816650 0.016003608703613281 0.957727551460266113 0.287230998277664185 -0.439315766096115112 -0.991841733455657959 0.051540810614824295 -0.116592645645141602 -0.108266182243824005 0.000000000000000000 0.000000000000000000 0.000000000000000000 1.000000000000000000",
        "initialPose" : [
          -0.12646806240081787,
          -0.28302177786827087,
          0.95073878765106201,
          0.14805227518081665,
          0.016003608703613281,
          0.95772755146026611,
          0.28723099827766418,
          -0.43931576609611511,
          -0.99184173345565796,
          0.051540810614824295,
          -0.1165926456451416,
          -0.10826618224382401,
          0,
          0,
          0,
          1
        ]
      },
      "results" : [
        {
          "resultPose" : [
            0.042375870048999786,
            -0.020053062587976456,
            0.99890041351318359,
            0.074894703924655914,
            -0.00079283362720161676,
            0.99979758262634277,
            0.02010464109480381,
            -0.39257651567459106,
            -0.99910134077072144,
            -0.0016439212486147881,
            0.04235149547457695,
            -0.13563314080238342,
            0,
            0,
            0,
            1
          ],
          "resultPoseForCloudCompare" : "0.042375870048999786 -0.020053062587976456 0.998900413513183594 0.074894703924655914 -0.000792833627201617 0.999797582626342773 0.020104641094803810 -0.392576515674591064 -0.999101340770721436 -0.001643921248614788 0.042351495474576950 -0.135633140802383423 0.000000000000000000 0.000000000000000000 0.000000000000000000 1.000000000000000000",
          "residualError" : 0.00097268750455601618,
          "name" : "Nose-LeftEye-RightEye",
          "initialPoseForCloudCompare" : "-0.067708969116210938 -0.206791400909423828 0.976039290428161621 0.119858846068382263 0.089984126389026642 0.973031640052795410 0.212396383285522461 -0.437406420707702637 -0.993638873100280762 0.102209195494651794 -0.047274932265281677 -0.131978571414947510 0.000000000000000000 0.000000000000000000 0.000000000000000000 1.000000000000000000",
          "initialPose" : [
            -0.067708969116210938,
            -0.20679140090942383,
            0.97603929042816162,
            0.11985884606838226,
            0.089984126389026642,
            0.97303164005279541,
            0.21239638328552246,
            -0.43740642070770264,
            -0.99363887310028076,
            0.10220919549465179,
            -0.047274932265281677,
            -0.13197857141494751,
            0,
            0,
            0,
            1
          ]
        },
        {
          "resultPose" : [
            0.042391497641801834,
            -0.020047169178724289,
            0.99889993667602539,
            0.074891746044158936,
            -0.00079807831207290292,
            0.99979758262634277,
            0.020098894834518433,
            -0.39257469773292542,
            -0.99910062551498413,
            -0.0016492273425683379,
            0.042366929352283478,
            -0.13563525676727295,
            0,
            0,
            0,
            1
          ],
          "resultPoseForCloudCompare" : "0.042391497641801834 -0.020047169178724289 0.998899936676025391 0.074891746044158936 -0.000798078312072903 0.999797582626342773 0.020098894834518433 -0.392574697732925415 -0.999100625514984131 -0.001649227342568338 0.042366929352283478 -0.135635256767272949 0.000000000000000000 0.000000000000000000 0.000000000000000000 1.000000000000000000",
          "residualError" : 0.00097316144106896429,
          "name" : "LeftEye-RightEye-Nose",
          "initialPoseForCloudCompare" : "0.058995697647333145 -0.200861960649490356 0.977841496467590332 0.105312392115592957 0.005915340036153793 0.979600667953491211 0.200866311788558960 -0.427203655242919922 -0.998240590095520020 -0.006065990775823593 0.058980405330657959 -0.137121230363845825 0.000000000000000000 0.000000000000000000 0.000000000000000000 1.000000000000000000",
          "initialPose" : [
            0.058995697647333145,
            -0.20086196064949036,
            0.97784149646759033,
            0.10531239211559296,
            0.0059153400361537933,
            0.97960066795349121,
            0.20086631178855896,
            -0.42720365524291992,
            -0.99824059009552002,
            -0.0060659907758235931,
            0.058980405330657959,
            -0.13712123036384583,
            0,
            0,
            0,
            1
          ]
        },
        {
          "resultPose" : [
            0.04251006618142128,
            -0.020010890439152718,
            0.99889546632766724,
            0.074874430894851685,
            -0.00076111010275781155,
            0.99979835748672485,
            0.020061345770955086,
            -0.3925742506980896,
            -0.99909591674804688,
            -0.0016130651347339153,
            0.04248616099357605,
            -0.13566233217716217,
            0,
            0,
            0,
            1
          ],
          "resultPoseForCloudCompare" : "0.042510066181421280 -0.020010890439152718 0.998895466327667236 0.074874430894851685 -0.000761110102757812 0.999798357486724854 0.020061345770955086 -0.392574250698089600 -0.999095916748046875 -0.001613065134733915 0.042486160993576050 -0.135662332177162170 0.000000000000000000 0.000000000000000000 0.000000000000000000 1.000000000000000000",
          "residualError" : 0.00096735823101077613,
          "name" : "Nose-BetweenEyes-RightEye",
          "initialPoseForCloudCompare" : "-0.126468062400817871 -0.283021777868270874 0.950738787651062012 0.148052275180816650 0.016003608703613281 0.957727551460266113 0.287230998277664185 -0.439315766096115112 -0.991841733455657959 0.051540810614824295 -0.116592645645141602 -0.108266182243824005 0.000000000000000000 0.000000000000000000 0.000000000000000000 1.000000000000000000",
          "initialPose" : [
            -0.12646806240081787,
            -0.28302177786827087,
            0.95073878765106201,
            0.14805227518081665,
            0.016003608703613281,
            0.95772755146026611,
            0.28723099827766418,
            -0.43931576609611511,
            -0.99184173345565796,
            0.051540810614824295,
            -0.1165926456451416,
            -0.10826618224382401,
            0,
            0,
            0,
            1
          ]
        },
        {
          "resultPose" : [
            0.042383838444948196,
            -0.020047174766659737,
            0.99889999628067017,
            0.074892587959766388,
            -0.00079404481220990419,
            0.99979764223098755,
            0.020098844543099403,
            -0.39257517457008362,
            -0.99910068511962891,
            -0.0016450119437649846,
            0.0423593670129776,
            -0.13563455641269684,
            0,
            0,
            0,
            1
          ],
          "resultPoseForCloudCompare" : "0.042383838444948196 -0.020047174766659737 0.998899996280670166 0.074892587959766388 -0.000794044812209904 0.999797642230987549 0.020098844543099403 -0.392575174570083618 -0.999100685119628906 -0.001645011943764985 0.042359367012977600 -0.135634556412696838 0.000000000000000000 0.000000000000000000 0.000000000000000000 1.000000000000000000",
          "residualError" : 0.00097301663699701248,
          "name" : "BetweenEyes-RightEye-Nose",
          "initialPoseForCloudCompare" : "0.073333628475666046 -0.277951657772064209 0.957791507244110107 0.122107118368148804 -0.094571344554424286 0.954111814498901367 0.284124553203582764 -0.424969077110290527 -0.992812991142272949 -0.111415557563304901 0.043682247400283813 -0.110555626451969147 0.000000000000000000 0.000000000000000000 0.000000000000000000 1.000000000000000000",
          "initialPose" : [
            0.073333628475666046,
            -0.27795165777206421,
            0.95779150724411011,
            0.1221071183681488,
            -0.094571344554424286,
            0.95411181449890137,
            0.28412455320358276,
            -0.42496907711029053,
            -0.99281299114227295,
            -0.1114155575633049,
            0.043682247400283813,
            -0.11055562645196915,
            0,
            0,
            0,
            1
          ]
        },
        {
          "initialPoseForCloudCompare" : "-0.000000043711388287 0.000000000000000000 1.000000000000000000 0.061966955661773682 0.000000000000000000 1.000000000000000000 0.000000000000000000 -0.394280374050140381 -1.000000000000000000 0.000000000000000000 -0.000000043711388287 -0.117265284061431885 0.000000000000000000 0.000000000000000000 0.000000000000000000 1.000000000000000000",
          "angularError" : 1.1524999141693115,
          "resultPoseForCloudCompare" : "0.042391326278448105 -0.020047057420015335 0.998899936676025391 0.074891731142997742 -0.000798134133219719 0.999797701835632324 0.020098945125937462 -0.392574727535247803 -0.999100744724273682 -0.001649277051910758 0.042366750538349152 -0.135635212063789368 0.000000000000000000 0.000000000000000000 0.000000000000000000 1.000000000000000000",
          "initialPose" : [
            -4.3711388286737929e-08,
            0,
            1,
            0.061966955661773682,
            0,
            1,
            0,
            -0.39428037405014038,
            -1,
            0,
            -4.3711388286737929e-08,
            -0.11726528406143188,
            0,
            0,
            0,
            1
          ],
          "resultPose" : [
            0.042391326278448105,
            -0.020047057420015335,
            0.99889993667602539,
            0.074891731142997742,
            -0.00079813413321971893,
            0.99979770183563232,
            0.020098945125937462,
            -0.3925747275352478,
            -0.99910074472427368,
            -0.001649277051910758,
            0.042366750538349152,
            -0.13563521206378937,
            0,
            0,
            0,
            1
          ],
          "residualError" : 0.00097315892776366592,
          "name" : "SynchronizedNosePosWatchingSupineLeft"
        }
      ]
    },
    {
      "marker" : "http:\/\/dev.skia.site\/ardata\/v2_374\/1482\/5_HEAD.default.obj",
      "selectedStep" : {
        "resultPose" : [
          0.0074032284319400787,
          -0.48210442066192627,
          0.87608242034912109,
          0.14303281903266907,
          -0.013090409338474274,
          0.87598466873168945,
          0.48216113448143005,
          -0.45793521404266357,
          -0.99988681077957153,
          -0.015037833712995052,
          0.00017427222337573767,
          -0.12689191102981567,
          0,
          0,
          0,
          1
        ],
        "resultPoseForCloudCompare" : "0.007403228431940079 -0.482104420661926270 0.876082420349121094 0.143032819032669067 -0.013090409338474274 0.875984668731689453 0.482161134481430054 -0.457935214042663574 -0.999886810779571533 -0.015037833712995052 0.000174272223375738 -0.126891911029815674 0.000000000000000000 0.000000000000000000 0.000000000000000000 1.000000000000000000",
        "residualError" : 0.0012364202556133424,
        "name" : "Nose-LeftEye-RightEye",
        "initialPoseForCloudCompare" : "-0.067708969116210938 -0.206791400909423828 0.976039290428161621 0.119858846068382263 0.089984126389026642 0.973031640052795410 0.212396383285522461 -0.437406420707702637 -0.993638873100280762 0.102209195494651794 -0.047274932265281677 -0.131978571414947510 0.000000000000000000 0.000000000000000000 0.000000000000000000 1.000000000000000000",
        "initialPose" : [
          -0.067708969116210938,
          -0.20679140090942383,
          0.97603929042816162,
          0.11985884606838226,
          0.089984126389026642,
          0.97303164005279541,
          0.21239638328552246,
          -0.43740642070770264,
          -0.99363887310028076,
          0.10220919549465179,
          -0.047274932265281677,
          -0.13197857141494751,
          0,
          0,
          0,
          1
        ]
      },
      "results" : [
        {
          "resultPose" : [
            0.0074032284319400787,
            -0.48210442066192627,
            0.87608242034912109,
            0.14303281903266907,
            -0.013090409338474274,
            0.87598466873168945,
            0.48216113448143005,
            -0.45793521404266357,
            -0.99988681077957153,
            -0.015037833712995052,
            0.00017427222337573767,
            -0.12689191102981567,
            0,
            0,
            0,
            1
          ],
          "resultPoseForCloudCompare" : "0.007403228431940079 -0.482104420661926270 0.876082420349121094 0.143032819032669067 -0.013090409338474274 0.875984668731689453 0.482161134481430054 -0.457935214042663574 -0.999886810779571533 -0.015037833712995052 0.000174272223375738 -0.126891911029815674 0.000000000000000000 0.000000000000000000 0.000000000000000000 1.000000000000000000",
          "residualError" : 0.0012364202556133424,
          "name" : "Nose-LeftEye-RightEye",
          "initialPoseForCloudCompare" : "-0.067708969116210938 -0.206791400909423828 0.976039290428161621 0.119858846068382263 0.089984126389026642 0.973031640052795410 0.212396383285522461 -0.437406420707702637 -0.993638873100280762 0.102209195494651794 -0.047274932265281677 -0.131978571414947510 0.000000000000000000 0.000000000000000000 0.000000000000000000 1.000000000000000000",
          "initialPose" : [
            -0.067708969116210938,
            -0.20679140090942383,
            0.97603929042816162,
            0.11985884606838226,
            0.089984126389026642,
            0.97303164005279541,
            0.21239638328552246,
            -0.43740642070770264,
            -0.99363887310028076,
            0.10220919549465179,
            -0.047274932265281677,
            -0.13197857141494751,
            0,
            0,
            0,
            1
          ]
        },
        {
          "resultPose" : [
            0.0028210030868649483,
            -0.4820493757724762,
            0.87613952159881592,
            0.14359337091445923,
            -0.013069333508610725,
            0.87605029344558716,
            0.48204231262207031,
            -0.45790424942970276,
            -0.99991047382354736,
            -0.012810399755835533,
            -0.0038287208881229162,
            -0.1264556348323822,
            0,
            0,
            0,
            1
          ],
          "resultPoseForCloudCompare" : "0.002821003086864948 -0.482049375772476196 0.876139521598815918 0.143593370914459229 -0.013069333508610725 0.876050293445587158 0.482042312622070312 -0.457904249429702759 -0.999910473823547363 -0.012810399755835533 -0.003828720888122916 -0.126455634832382202 0.000000000000000000 0.000000000000000000 0.000000000000000000 1.000000000000000000",
          "residualError" : 0.001244076787429474,
          "name" : "LeftEye-RightEye-Nose",
          "initialPoseForCloudCompare" : "0.058995697647333145 -0.200861960649490356 0.977841496467590332 0.105312392115592957 0.005915340036153793 0.979600667953491211 0.200866311788558960 -0.427203655242919922 -0.998240590095520020 -0.006065990775823593 0.058980405330657959 -0.137121230363845825 0.000000000000000000 0.000000000000000000 0.000000000000000000 1.000000000000000000",
          "initialPose" : [
            0.058995697647333145,
            -0.20086196064949036,
            0.97784149646759033,
            0.10531239211559296,
            0.0059153400361537933,
            0.97960066795349121,
            0.20086631178855896,
            -0.42720365524291992,
            -0.99824059009552002,
            -0.0060659907758235931,
            0.058980405330657959,
            -0.13712123036384583,
            0,
            0,
            0,
            1
          ]
        },
        {
          "resultPose" : [
            0.025949908420443535,
            -0.48189696669578552,
            0.87584340572357178,
            0.14095407724380493,
            -0.013558507896959782,
            0.87588822841644287,
            0.48232325911521912,
            -0.45792052149772644,
            -0.99957144260406494,
            -0.024391358718276024,
            0.016195321455597878,
            -0.12870042026042938,
            0,
            0,
            0,
            1
          ],
          "resultPoseForCloudCompare" : "0.025949908420443535 -0.481896966695785522 0.875843405723571777 0.140954077243804932 -0.013558507896959782 0.875888228416442871 0.482323259115219116 -0.457920521497726440 -0.999571442604064941 -0.024391358718276024 0.016195321455597878 -0.128700420260429382 0.000000000000000000 0.000000000000000000 0.000000000000000000 1.000000000000000000",
          "residualError" : 0.0012397791007656999,
          "name" : "Nose-BetweenEyes-RightEye",
          "initialPoseForCloudCompare" : "-0.126468062400817871 -0.283021777868270874 0.950738787651062012 0.148052275180816650 0.016003608703613281 0.957727551460266113 0.287230998277664185 -0.439315766096115112 -0.991841733455657959 0.051540810614824295 -0.116592645645141602 -0.108266182243824005 0.000000000000000000 0.000000000000000000 0.000000000000000000 1.000000000000000000",
          "initialPose" : [
            -0.12646806240081787,
            -0.28302177786827087,
            0.95073878765106201,
            0.14805227518081665,
            0.016003608703613281,
            0.95772755146026611,
            0.28723099827766418,
            -0.43931576609611511,
            -0.99184173345565796,
            0.051540810614824295,
            -0.1165926456451416,
            -0.10826618224382401,
            0,
            0,
            0,
            1
          ]
        },
        {
          "resultPose" : [
            0.025035921484231949,
            -0.48183518648147583,
            0.8759039044380188,
            0.14108867943286896,
            -0.014633294194936752,
            0.87590819597244263,
            0.48225560784339905,
            -0.45766738057136536,
            -0.99957907199859619,
            -0.024891059845685959,
            0.014878353103995323,
            -0.12836070358753204,
            0,
            0,
            0,
            1
          ],
          "resultPoseForCloudCompare" : "0.025035921484231949 -0.481835186481475830 0.875903904438018799 0.141088679432868958 -0.014633294194936752 0.875908195972442627 0.482255607843399048 -0.457667380571365356 -0.999579071998596191 -0.024891059845685959 0.014878353103995323 -0.128360703587532043 0.000000000000000000 0.000000000000000000 0.000000000000000000 1.000000000000000000",
          "residualError" : 0.0012466458874350877,
          "name" : "BetweenEyes-RightEye-Nose",
          "initialPoseForCloudCompare" : "0.073333628475666046 -0.277951657772064209 0.957791507244110107 0.122107118368148804 -0.094571344554424286 0.954111814498901367 0.284124553203582764 -0.424969077110290527 -0.992812991142272949 -0.111415557563304901 0.043682247400283813 -0.110555626451969147 0.000000000000000000 0.000000000000000000 0.000000000000000000 1.000000000000000000",
          "initialPose" : [
            0.073333628475666046,
            -0.27795165777206421,
            0.95779150724411011,
            0.1221071183681488,
            -0.094571344554424286,
            0.95411181449890137,
            0.28412455320358276,
            -0.42496907711029053,
            -0.99281299114227295,
            -0.1114155575633049,
            0.043682247400283813,
            -0.11055562645196915,
            0,
            0,
            0,
            1
          ]
        },
        {
          "initialPoseForCloudCompare" : "-0.000000043711388287 0.000000000000000000 1.000000000000000000 0.061966955661773682 0.000000000000000000 1.000000000000000000 0.000000000000000000 -0.394280374050140381 -1.000000000000000000 0.000000000000000000 -0.000000043711388287 -0.117265284061431885 0.000000000000000000 0.000000000000000000 0.000000000000000000 1.000000000000000000",
          "angularError" : 28.882015228271484,
          "resultPoseForCloudCompare" : "0.023577099665999413 -0.482401043176651001 0.875633120536804199 0.141524910926818848 -0.014633778482675552 0.875616192817687988 0.482785761356353760 -0.457835644483566284 -0.999614894390106201 -0.024196509271860123 0.013585139997303486 -0.128235757350921631 0.000000000000000000 0.000000000000000000 0.000000000000000000 1.000000000000000000",
          "initialPose" : [
            -4.3711388286737929e-08,
            0,
            1,
            0.061966955661773682,
            0,
            1,
            0,
            -0.39428037405014038,
            -1,
            0,
            -4.3711388286737929e-08,
            -0.11726528406143188,
            0,
            0,
            0,
            1
          ],
          "resultPose" : [
            0.023577099665999413,
            -0.482401043176651,
            0.8756331205368042,
            0.14152491092681885,
            -0.014633778482675552,
            0.87561619281768799,
            0.48278576135635376,
            -0.45783564448356628,
            -0.9996148943901062,
            -0.024196509271860123,
            0.013585139997303486,
            -0.12823575735092163,
            0,
            0,
            0,
            1
          ],
          "residualError" : 0.001241104945527316,
          "name" : "SynchronizedNosePosWatchingSupineLeft"
        }
      ]
    },
    {
      "marker" : "http:\/\/dev.skia.site\/ardata\/v2_374\/1482\/4_4_HEAD.classic.obj",
      "selectedStep" : {
        "initialPoseForCloudCompare" : "-0.000000043711388287 0.000000000000000000 1.000000000000000000 0.061966955661773682 0.000000000000000000 1.000000000000000000 0.000000000000000000 -0.394280374050140381 -1.000000000000000000 0.000000000000000000 -0.000000043711388287 -0.117265284061431885 0.000000000000000000 0.000000000000000000 0.000000000000000000 1.000000000000000000",
        "angularError" : 1.2046351432800293,
        "resultPoseForCloudCompare" : "0.048896156251430511 -0.020877182483673096 0.998585641384124756 0.075028173625469208 0.003511172952130437 0.999778926372528076 0.020730204880237579 -0.393136858940124512 -0.998797714710235596 0.002492579631507397 0.048958651721477509 -0.137721434235572815 0.000000000000000000 0.000000000000000000 0.000000000000000000 1.000000000000000000",
        "initialPose" : [
          -4.3711388286737929e-08,
          0,
          1,
          0.061966955661773682,
          0,
          1,
          0,
          -0.39428037405014038,
          -1,
          0,
          -4.3711388286737929e-08,
          -0.11726528406143188,
          0,
          0,
          0,
          1
        ],
        "resultPose" : [
          0.048896156251430511,
          -0.020877182483673096,
          0.99858564138412476,
          0.075028173625469208,
          0.0035111729521304369,
          0.99977892637252808,
          0.020730204880237579,
          -0.39313685894012451,
          -0.9987977147102356,
          0.0024925796315073967,
          0.048958651721477509,
          -0.13772143423557281,
          0,
          0,
          0,
          1
        ],
        "residualError" : 0.0007729669493614918,
        "name" : "SynchronizedNosePosWatchingSupineLeft"
      },
      "results" : [
        {
          "resultPose" : [
            0.01727350614964962,
            -0.47081056237220764,
            0.88206517696380615,
            0.14047706127166748,
            -0.01321801170706749,
            0.88201218843460083,
            0.47104102373123169,
            -0.45637327432632446,
            -0.9997633695602417,
            -0.019795686006546021,
            0.0090123666450381279,
            -0.1280914694070816,
            0,
            0,
            0,
            1
          ],
          "resultPoseForCloudCompare" : "0.017273506149649620 -0.470810562372207642 0.882065176963806152 0.140477061271667480 -0.013218011707067490 0.882012188434600830 0.471041023731231689 -0.456373274326324463 -0.999763369560241699 -0.019795686006546021 0.009012366645038128 -0.128091469407081604 0.000000000000000000 0.000000000000000000 0.000000000000000000 1.000000000000000000",
          "residualError" : 0.0011699213311315293,
          "name" : "Nose-LeftEye-RightEye",
          "initialPoseForCloudCompare" : "-0.067708969116210938 -0.206791400909423828 0.976039290428161621 0.119858846068382263 0.089984126389026642 0.973031640052795410 0.212396383285522461 -0.437406420707702637 -0.993638873100280762 0.102209195494651794 -0.047274932265281677 -0.131978571414947510 0.000000000000000000 0.000000000000000000 0.000000000000000000 1.000000000000000000",
          "initialPose" : [
            -0.067708969116210938,
            -0.20679140090942383,
            0.97603929042816162,
            0.11985884606838226,
            0.089984126389026642,
            0.97303164005279541,
            0.21239638328552246,
            -0.43740642070770264,
            -0.99363887310028076,
            0.10220919549465179,
            -0.047274932265281677,
            -0.13197857141494751,
            0,
            0,
            0,
            1
          ]
        },
        {
          "resultPose" : [
            0.034910544753074646,
            -0.025964541360735893,
            0.99905306100845337,
            0.077127136290073395,
            0.0054905237630009651,
            0.99965226650238037,
            0.025788096711039543,
            -0.39538547396659851,
            -0.99937522411346436,
            0.0045850449241697788,
            0.035040970891714096,
            -0.13563418388366699,
            0,
            0,
            0,
            1
          ],
