{
  "selectedMarker" : {
    "marker" : "http:\/\/asmc.skia.site\/ardata\/v2_39\/156\/0_DEFAULT.classic.obj",
    "selectedStep" : {
      "resultPoseForCloudCompare" : "0.023305427283048630 0.064730197191238403 -0.997630596160888672 0.282552838325500488 -0.124606959521770477 0.990308046340942383 0.061344161629676819 -0.363242328166961670 0.991932451725006104 0.122882068157196045 0.031145384535193443 -0.309915065765380859 0.000000000000000000 0.000000000000000000 0.000000000000000000 1.000000000000000000",
      "residualError" : 0.00055885293649664887,
      "angularError" : 7.9835247993469238,
      "name" : "SceneTopPosWatchingSupineRight",
      "resultPose" : [
        0.02330542728304863,
        0.064730197191238403,
        -0.99763059616088867,
        0.28255283832550049,
        -0.12460695952177048,
        0.99030804634094238,
        0.061344161629676819,
        -0.36324232816696167,
        0.9919324517250061,
        0.12288206815719604,
        0.031145384535193443,
        -0.30991506576538086,
        0,
        0,
        0,
        1
      ],
      "initialPose" : [
        -4.3711388286737929e-08,
        0,
        -1,
        0.29700526595115662,
        0,
        1,
        0,
        -0.25601056218147278,
        1,
        0,
        -4.3711388286737929e-08,
        -0.28780916333198547,
        0,
        0,
        0,
        1
      ]
    },
    "results" : [
      {
        "resultPoseForCloudCompare" : "0.023418899625539780 0.064656682312488556 -0.997632741928100586 0.282557427883148193 -0.124489530920982361 0.990327954292297363 0.061260934919118881 -0.363242149353027344 0.991944491863250732 0.122760169208049774 0.031241470947861671 -0.309907823801040649 0.000000000000000000 0.000000000000000000 0.000000000000000000 1.000000000000000000",
        "residualError" : 0.00058388400076437252,
        "angularError" : 7.9753079414367676,
        "name" : "SceneCenterPosWatchingSupineRight",
        "resultPose" : [
          0.02341889962553978,
          0.064656682312488556,
          -0.99763274192810059,
          0.28255742788314819,
          -0.12448953092098236,
          0.99032795429229736,
          0.061260934919118881,
          -0.36324214935302734,
          0.99194449186325073,
          0.12276016920804977,
          0.031241470947861671,
          -0.30990782380104065,
          0,
          0,
          0,
          1
        ],
        "initialPose" : [
          -4.3711388286737929e-08,
          0,
          -1,
          0.29700526595115662,
          0,
          1,
          0,
          -0.36803942918777466,
          1,
          0,
          -4.3711388286737929e-08,
          -0.28780916333198547,
          0,
          0,
          0,
          1
        ]
      },
      {
        "resultPoseForCloudCompare" : "0.023305427283048630 0.064730197191238403 -0.997630596160888672 0.282552838325500488 -0.124606959521770477 0.990308046340942383 0.061344161629676819 -0.363242328166961670 0.991932451725006104 0.122882068157196045 0.031145384535193443 -0.309915065765380859 0.000000000000000000 0.000000000000000000 0.000000000000000000 1.000000000000000000",
        "residualError" : 0.00055885293649664887,
        "angularError" : 7.9835247993469238,
        "name" : "SceneTopPosWatchingSupineRight",
        "resultPose" : [
          0.02330542728304863,
          0.064730197191238403,
          -0.99763059616088867,
          0.28255283832550049,
          -0.12460695952177048,
          0.99030804634094238,
          0.061344161629676819,
          -0.36324232816696167,
          0.9919324517250061,
          0.12288206815719604,
          0.031145384535193443,
          -0.30991506576538086,
          0,
          0,
          0,
          1
        ],
        "initialPose" : [
          -4.3711388286737929e-08,
          0,
          -1,
          0.29700526595115662,
          0,
          1,
          0,
          -0.25601056218147278,
          1,
          0,
          -4.3711388286737929e-08,
          -0.28780916333198547,
          0,
          0,
          0,
          1
        ]
      },
      {
        "resultPoseForCloudCompare" : "0.023320553824305534 0.065279953181743622 -0.997594475746154785 0.282539337873458862 -0.124297760426998138 0.990312457084655762 0.061897750943899155 -0.363328218460083008 0.991970896720886230 0.122555270791053772 0.031208787113428116 -0.309895545244216919 0.000000000000000000 0.000000000000000000 0.000000000000000000 1.000000000000000000",
        "residualError" : 0.0005631825265008907,
        "angularError" : 7.9817051887512207,
        "name" : "AimPosWatchingSupineRight",
        "resultPose" : [
          0.023320553824305534,
          0.065279953181743622,
          -0.99759447574615479,
          0.28253933787345886,
          -0.12429776042699814,
          0.99031245708465576,
          0.061897750943899155,
          -0.36332821846008301,
          0.99197089672088623,
          0.12255527079105377,
          0.031208787113428116,
          -0.30989554524421692,
          0,
          0,
          0,
          1
        ],
        "initialPose" : [
          -4.3711388286737929e-08,
          0,
          -1,
          0.29750049114227295,
          0,
          1,
          0,
          -0.37097600102424622,
          1,
          0,
          -4.3711388286737929e-08,
          -0.28982552886009216,
          0,
          0,
          0,
          1
        ]
      }
    ]
  },
  "calculatedData" : {
    "clinicalTrialSubData" : [
      {
        "matchedMarkingCenters" : [

        ],
        "resultPosMatrix" : [

        ]
      }
    ],
    "pointsOfInterest" : {
      "markingCenterOfMass" : [

      ],
      "closestSkinPoint" : [

      ],
      "lesionCenterOfMass" : [

      ]
    },
    "clinicalTrialData" : {
      "matchedMarkingCenters" : [

      ],
      "resultPosMatrix" : [

      ]
    }
  },
  "elapsedTime" : 1.9783220291137695,
  "results" : [
    {
      "marker" : "http:\/\/asmc.skia.site\/ardata\/v2_39\/156\/0_DEFAULT.classic.obj",
      "selectedStep" : {
        "resultPoseForCloudCompare" : "0.023305427283048630 0.064730197191238403 -0.997630596160888672 0.282552838325500488 -0.124606959521770477 0.990308046340942383 0.061344161629676819 -0.363242328166961670 0.991932451725006104 0.122882068157196045 0.031145384535193443 -0.309915065765380859 0.000000000000000000 0.000000000000000000 0.000000000000000000 1.000000000000000000",
        "residualError" : 0.00055885293649664887,
        "angularError" : 7.9835247993469238,
        "name" : "SceneTopPosWatchingSupineRight",
        "resultPose" : [
          0.02330542728304863,
          0.064730197191238403,
          -0.99763059616088867,
          0.28255283832550049,
          -0.12460695952177048,
          0.99030804634094238,
          0.061344161629676819,
          -0.36324232816696167,
          0.9919324517250061,
          0.12288206815719604,
          0.031145384535193443,
          -0.30991506576538086,
          0,
          0,
          0,
          1
        ],
        "initialPose" : [
          -4.3711388286737929e-08,
          0,
          -1,
          0.29700526595115662,
          0,
          1,
          0,
          -0.25601056218147278,
          1,
          0,
          -4.3711388286737929e-08,
          -0.28780916333198547,
          0,
          0,
          0,
          1
        ]
      },
      "results" : [
        {
          "resultPoseForCloudCompare" : "0.023418899625539780 0.064656682312488556 -0.997632741928100586 0.282557427883148193 -0.124489530920982361 0.990327954292297363 0.061260934919118881 -0.363242149353027344 0.991944491863250732 0.122760169208049774 0.031241470947861671 -0.309907823801040649 0.000000000000000000 0.000000000000000000 0.000000000000000000 1.000000000000000000",
          "residualError" : 0.00058388400076437252,
          "angularError" : 7.9753079414367676,
          "name" : "SceneCenterPosWatchingSupineRight",
          "resultPose" : [
            0.02341889962553978,
            0.064656682312488556,
            -0.99763274192810059,
            0.28255742788314819,
            -0.12448953092098236,
            0.99032795429229736,
            0.061260934919118881,
            -0.36324214935302734,
            0.99194449186325073,
            0.12276016920804977,
            0.031241470947861671,
            -0.30990782380104065,
            0,
            0,
            0,
            1
          ],
          "initialPose" : [
            -4.3711388286737929e-08,
            0,
            -1,
            0.29700526595115662,
            0,
            1,
            0,
            -0.36803942918777466,
            1,
            0,
            -4.3711388286737929e-08,
            -0.28780916333198547,
            0,
            0,
            0,
            1
          ]
        },
        {
          "resultPoseForCloudCompare" : "0.023305427283048630 0.064730197191238403 -0.997630596160888672 0.282552838325500488 -0.124606959521770477 0.990308046340942383 0.061344161629676819 -0.363242328166961670 0.991932451725006104 0.122882068157196045 0.031145384535193443 -0.309915065765380859 0.000000000000000000 0.000000000000000000 0.000000000000000000 1.000000000000000000",
          "residualError" : 0.00055885293649664887,
          "angularError" : 7.9835247993469238,
          "name" : "SceneTopPosWatchingSupineRight",
          "resultPose" : [
            0.02330542728304863,
            0.064730197191238403,
            -0.99763059616088867,
            0.28255283832550049,
            -0.12460695952177048,
            0.99030804634094238,
            0.061344161629676819,
            -0.36324232816696167,
            0.9919324517250061,
            0.12288206815719604,
            0.031145384535193443,
            -0.30991506576538086,
            0,
            0,
            0,
            1
          ],
          "initialPose" : [
            -4.3711388286737929e-08,
            0,
            -1,
            0.29700526595115662,
            0,
            1,
            0,
            -0.25601056218147278,
            1,
            0,
            -4.3711388286737929e-08,
            -0.28780916333198547,
            0,
            0,
            0,
            1
          ]
        },
        {
          "resultPoseForCloudCompare" : "0.023320553824305534 0.065279953181743622 -0.997594475746154785 0.282539337873458862 -0.124297760426998138 0.990312457084655762 0.061897750943899155 -0.363328218460083008 0.991970896720886230 0.122555270791053772 0.031208787113428116 -0.309895545244216919 0.000000000000000000 0.000000000000000000 0.000000000000000000 1.000000000000000000",
          "residualError" : 0.0005631825265008907,
          "angularError" : 7.9817051887512207,
          "name" : "AimPosWatchingSupineRight",
          "resultPose" : [
            0.023320553824305534,
            0.065279953181743622,
            -0.99759447574615479,
            0.28253933787345886,
            -0.12429776042699814,
            0.99031245708465576,
            0.061897750943899155,
            -0.36332821846008301,
            0.99197089672088623,
            0.12255527079105377,
            0.031208787113428116,
            -0.30989554524421692,
            0,
            0,
            0,
            1
          ],
          "initialPose" : [
            -4.3711388286737929e-08,
            0,
            -1,
            0.29750049114227295,
            0,
            1,
            0,
            -0.37097600102424622,
            1,
            0,
            -4.3711388286737929e-08,
            -0.28982552886009216,
            0,
            0,
            0,
            1
          ]
        }
      ]
    }
  ],
  "additionalInfo" : {
    "icpStartPos" : {
      "x" : 0.19818492233753204,
      "y" : -0.19801706075668335,
      "z" : -0.19815389811992645
    },
    "cameraProjection" : [
      1.6682326793670654,
      0,
      0,
      0,
      0,
      2.2243101596832275,
      0,
      0,
      0,
      5.9604644775390625e-08,
      -1.0100502967834473,
      -1,
      0,
      0,
      -0.20100502669811249,
      0
    ],
    "medicalInfo" : "http:\/\/asmc.skia.site\/v2\/Mars\/MedicalInfo\/39",
    "marsCoreVersion" : "1.1.1",
    "scanningCubeSizeInMeter" : {
      "x" : 0.40000000596046448,
      "y" : 0.40000000596046448,
      "z" : 0.40000000596046448
    },
    "glViewport" : [
      1.7437969446182251,
      0,
      0,
      0,
      0,
      -2.3250627517700195,
      0,
      0,
      -0.055468738079071045,
      0.048422574996948242,
      1.0100502967834473,
      1,
      0,
      0,
      -0.20100502669811249,
      0
    ],
    "cameraPose" : [
      0.99851548671722412,
      -0.04124194011092186,
      -0.035577576607465744,
      0,
      -0.032782454043626785,
      0.066575124859809875,
      -0.99724286794662476,
      0,
      0.043496798723936081,
      0.99692869186401367,
      0.065124280750751495,
      0,
      0.18600505590438843,
      0.21718509495258331,
      -0.15295282006263733,
      1
    ]
  },
  "algorithm" : "icpOnly",
  "parameters" : {
    "ppfMatching" : {
      "sceneSamplingStep" : 0.050000000000000003,
      "sceneDistance" : 0.025000000000000001
    },
    "ppfTraining" : {
      "relativeSamplingStep" : 0.025000000000000001,
      "relativeDistanceStep" : 0.050000000000000003,
      "numAngles" : 60
    },
    "icp" : {
      "tolerence" : 0.004999999888241291,
      "rejectionScale" : 2.5,
      "iterations" : 100,
      "numLevels" : 8
    },
    "mars" : {
      "maxPpfResultCount" : 5
    }
  }
}