{
  "selectedMarker" : {
    "marker" : "http:\/\/dev.skia.site\/ardata\/v2_374\/1482\/7_HEAD.with_ears.obj",
    "selectedStep" : {
      "resultPose" : [
        -0.078674331307411194,
        -0.60235440731048584,
        0.79434233903884888,
        0.18081723153591156,
        -0.0061346925795078278,
        0.79708945751190186,
        0.60382986068725586,
        -0.47354784607887268,
        -0.99688154458999634,
        0.042632848024368286,
        -0.0664057657122612,
        -0.11075793951749802,
        0,
        0,
        0,
        1
      ],
      "resultPoseForCloudCompare" : "-0.078674331307411194 -0.602354407310485840 0.794342339038848877 0.180817231535911560 -0.006134692579507828 0.797089457511901855 0.603829860687255859 -0.473547846078872681 -0.996881544589996338 0.042632848024368286 -0.066405765712261200 -0.110757939517498016 0.000000000000000000 0.000000000000000000 0.000000000000000000 1.000000000000000000",
      "residualError" : 0.0010286270587839155,
      "name" : "Nose-BetweenEyes-RightEye",
      "initialPoseForCloudCompare" : "-0.215495094656944275 -0.515701830387115479 0.829224765300750732 0.202815130352973938 -0.003272652626037598 0.849552750587463379 0.527493298053741455 -0.462020576000213623 -0.976499497890472412 0.110958471894264221 -0.184762194752693176 -0.098988197743892670 0.000000000000000000 0.000000000000000000 0.000000000000000000 1.000000000000000000",
      "initialPose" : [
        -0.21549509465694427,
        -0.51570183038711548,
        0.82922476530075073,
        0.20281513035297394,
        -0.0032726526260375977,
        0.84955275058746338,
        0.52749329805374146,
        -0.46202057600021362,
        -0.97649949789047241,
        0.11095847189426422,
        -0.18476219475269318,
        -0.09898819774389267,
        0,
        0,
        0,
        1
      ]
    },
    "results" : [
      {
        "resultPose" : [
          -0.078622415661811829,
          -0.60274344682693481,
          0.79405230283737183,
          0.18081176280975342,
          -0.0064980634488165379,
          0.7968108057975769,
          0.60419398546218872,
          -0.47354587912559509,
          -0.99688339233398438,
          0.042343422770500183,
          -0.066564038395881653,
          -0.11070879548788071,
          0,
          0,
          0,
          1
        ],
        "resultPoseForCloudCompare" : "-0.078622415661811829 -0.602743446826934814 0.794052302837371826 0.180811762809753418 -0.006498063448816538 0.796810805797576904 0.604193985462188721 -0.473545879125595093 -0.996883392333984375 0.042343422770500183 -0.066564038395881653 -0.110708795487880707 0.000000000000000000 0.000000000000000000 0.000000000000000000 1.000000000000000000",
        "residualError" : 0.0010347674902689865,
        "name" : "Nose-LeftEye-RightEye",
        "initialPoseForCloudCompare" : "-0.211831271648406982 -0.475624263286590576 0.853761792182922363 0.189027354121208191 0.046445488929748535 0.867700338363647461 0.494913130998611450 -0.465722024440765381 -0.976202070713043213 0.144491493701934814 -0.161715641617774963 -0.110670790076255798 0.000000000000000000 0.000000000000000000 0.000000000000000000 1.000000000000000000",
        "initialPose" : [
          -0.21183127164840698,
          -0.47562426328659058,
          0.85376179218292236,
          0.18902735412120819,
          0.046445488929748535,
          0.86770033836364746,
          0.49491313099861145,
          -0.46572202444076538,
          -0.97620207071304321,
          0.14449149370193481,
          -0.16171564161777496,
          -0.1106707900762558,
          0,
          0,
          0,
          1
        ]
      },
      {
        "resultPose" : [
          -0.079227082431316376,
          -0.60257381200790405,
          0.79412055015563965,
          0.18090888857841492,
          -0.0072173872031271458,
          0.79695063829421997,
          0.60400122404098511,
          -0.47344028949737549,
          -0.99683046340942383,
          0.042121794074773788,
          -0.067489095032215118,
          -0.11047238856554031,
          0,
          0,
          0,
          1
        ],
        "resultPoseForCloudCompare" : "-0.079227082431316376 -0.602573812007904053 0.794120550155639648 0.180908888578414917 -0.007217387203127146 0.796950638294219971 0.604001224040985107 -0.473440289497375488 -0.996830463409423828 0.042121794074773788 -0.067489095032215118 -0.110472388565540314 0.000000000000000000 0.000000000000000000 0.000000000000000000 1.000000000000000000",
        "residualError" : 0.0010312262218777001,
        "name" : "LeftEye-RightEye-Nose",
        "initialPoseForCloudCompare" : "-0.097669936716556549 -0.484465837478637695 0.869340598583221436 0.175556838512420654 0.013190761208534241 0.872810184955596924 0.487881362438201904 -0.461671710014343262 -0.995131433010101318 0.059118621051311493 -0.078856855630874634 -0.112767249345779419 0.000000000000000000 0.000000000000000000 0.000000000000000000 1.000000000000000000",
        "initialPose" : [
          -0.097669936716556549,
          -0.4844658374786377,
          0.86934059858322144,
          0.17555683851242065,
          0.013190761208534241,
          0.87281018495559692,
          0.4878813624382019,
          -0.46167171001434326,
          -0.99513143301010132,
          0.059118621051311493,
          -0.078856855630874634,
          -0.11276724934577942,
          0,
          0,
          0,
          1
        ]
      },
      {
        "resultPose" : [
          -0.078674331307411194,
          -0.60235440731048584,
          0.79434233903884888,
          0.18081723153591156,
          -0.0061346925795078278,
          0.79708945751190186,
          0.60382986068725586,
          -0.47354784607887268,
          -0.99688154458999634,
          0.042632848024368286,
          -0.0664057657122612,
          -0.11075793951749802,
          0,
          0,
          0,
          1
        ],
        "resultPoseForCloudCompare" : "-0.078674331307411194 -0.602354407310485840 0.794342339038848877 0.180817231535911560 -0.006134692579507828 0.797089457511901855 0.603829860687255859 -0.473547846078872681 -0.996881544589996338 0.042632848024368286 -0.066405765712261200 -0.110757939517498016 0.000000000000000000 0.000000000000000000 0.000000000000000000 1.000000000000000000",
        "residualError" : 0.0010286270587839155,
        "name" : "Nose-BetweenEyes-RightEye",
        "initialPoseForCloudCompare" : "-0.215495094656944275 -0.515701830387115479 0.829224765300750732 0.202815130352973938 -0.003272652626037598 0.849552750587463379 0.527493298053741455 -0.462020576000213623 -0.976499497890472412 0.110958471894264221 -0.184762194752693176 -0.098988197743892670 0.000000000000000000 0.000000000000000000 0.000000000000000000 1.000000000000000000",
        "initialPose" : [
          -0.21549509465694427,
          -0.51570183038711548,
          0.82922476530075073,
          0.20281513035297394,
          -0.0032726526260375977,
          0.84955275058746338,
          0.52749329805374146,
          -0.46202057600021362,
          -0.97649949789047241,
          0.11095847189426422,
          -0.18476219475269318,
          -0.09898819774389267,
          0,
          0,
          0,
          1
        ]
      },
      {
        "resultPose" : [
          -0.078665442764759064,
          -0.6027645468711853,
          0.79403185844421387,
          0.18088407814502716,
          -0.0060395128093659878,
          0.79677367210388184,
          0.60424751043319702,
          -0.47358304262161255,
          -0.99688255786895752,
          0.042737875133752823,
          -0.066318973898887634,
          -0.11076118797063828,
          0,
          0,
          0,
          1
        ],
        "resultPoseForCloudCompare" : "-0.078665442764759064 -0.602764546871185303 0.794031858444213867 0.180884078145027161 -0.006039512809365988 0.796773672103881836 0.604247510433197021 -0.473583042621612549 -0.996882557868957520 0.042737875133752823 -0.066318973898887634 -0.110761187970638275 0.000000000000000000 0.000000000000000000 0.000000000000000000 1.000000000000000000",
        "residualError" : 0.0010434031593685067,
        "name" : "BetweenEyes-RightEye-Nose",
        "initialPoseForCloudCompare" : "-0.107866600155830383 -0.524613499641418457 0.844479382038116455 0.190456211566925049 -0.029911421239376068 0.850763499736785889 0.524696648120880127 -0.458975523710250854 -0.993715107440948486 0.031337708234786987 -0.107460923492908478 -0.098142191767692566 0.000000000000000000 0.000000000000000000 0.000000000000000000 1.000000000000000000",
        "initialPose" : [
          -0.10786660015583038,
          -0.52461349964141846,
          0.84447938203811646,
          0.19045621156692505,
          -0.029911421239376068,
          0.85076349973678589,
          0.52469664812088013,
          -0.45897552371025085,
          -0.99371510744094849,
          0.031337708234786987,
          -0.10746092349290848,
          -0.098142191767692566,
          0,
          0,
          0,
          1
        ]
      },
      {
        "initialPoseForCloudCompare" : "-0.000000043711388287 0.000000000000000000 1.000000000000000000 0.032822012901306152 0.000000000000000000 1.000000000000000000 0.000000000000000000 -0.399155914783477783 -1.000000000000000000 0.000000000000000000 -0.000000043711388287 -0.105560481548309326 0.000000000000000000 0.000000000000000000 0.000000000000000000 1.000000000000000000",
        "angularError" : 37.116889953613281,
        "resultPoseForCloudCompare" : "-0.076908029615879059 -0.602015614509582520 0.794771909713745117 0.180327147245407104 -0.006196605041623116 0.797406077384948730 0.603411257266998291 -0.473624825477600098 -0.997018933296203613 0.041482284665107727 -0.065057381987571716 -0.110833168029785156 0.000000000000000000 0.000000000000000000 0.000000000000000000 1.000000000000000000",
        "initialPose" : [
          -4.3711388286737929e-08,
          0,
          1,
          0.032822012901306152,
          0,
          1,
          0,
          -0.39915591478347778,
          -1,
          0,
          -4.3711388286737929e-08,
          -0.10556048154830933,
          0,
          0,
          0,
          1
        ],
        "resultPose" : [
          -0.076908029615879059,
          -0.60201561450958252,
          0.79477190971374512,
          0.1803271472454071,
          -0.0061966050416231155,
          0.79740607738494873,
          0.60341125726699829,
          -0.4736248254776001,
          -0.99701893329620361,
          0.041482284665107727,
          -0.065057381987571716,
          -0.11083316802978516,
          0,
          0,
          0,
          1
        ],
        "residualError" : 0.0010350415985492163,
        "name" : "SynchronizedNosePosWatchingSupineLeft"
      }
    ]
  },
  "calculatedData" : {
    "clinicalTrialSubData" : [
      {
        "matchedMarkingCenters" : [

        ],
        "resultPosMatrix" : [

        ]
      },
      {
        "matchedMarkingCenters" : [

        ],
        "resultPosMatrix" : [

        ]
      },
      {
        "matchedMarkingCenters" : [

        ],
        "resultPosMatrix" : [

        ]
      },
      {
        "matchedMarkingCenters" : [

        ],
        "resultPosMatrix" : [

        ]
      }
    ],
    "pointsOfInterest" : {
      "markingCenterOfMass" : [

      ],
      "closestSkinPoint" : [

      ],
      "lesionCenterOfMass" : [

      ]
    },
    "clinicalTrialData" : {
      "matchedMarkingCenters" : [

      ],
      "resultPosMatrix" : [

      ]
    }
  },
  "elapsedTime" : 2.2956830263137817,
  "results" : [
    {
      "marker" : "http:\/\/dev.skia.site\/ardata\/v2_374\/1482\/6_HEAD.face_only.obj",
      "selectedStep" : {
        "resultPose" : [
          -0.071681484580039978,
          -0.61966174840927124,
          0.78158891201019287,
          0.18071842193603516,
          0.010070277377963066,
          0.78311508893966675,
          0.62179529666900635,
          -0.47781947255134583,
          -0.99737679958343506,
          0.052442062646150589,
          -0.049894869327545166,
          -0.11450067162513733,
          0,
          0,
          0,
          1
        ],
        "resultPoseForCloudCompare" : "-0.071681484580039978 -0.619661748409271240 0.781588912010192871 0.180718421936035156 0.010070277377963066 0.783115088939666748 0.621795296669006348 -0.477819472551345825 -0.997376799583435059 0.052442062646150589 -0.049894869327545166 -0.114500671625137329 0.000000000000000000 0.000000000000000000 0.000000000000000000 1.000000000000000000",
        "residualError" : 0.0014342051654649679,
        "name" : "Nose-LeftEye-RightEye",
        "initialPoseForCloudCompare" : "-0.211831271648406982 -0.475624263286590576 0.853761792182922363 0.189027354121208191 0.046445488929748535 0.867700338363647461 0.494913130998611450 -0.465722024440765381 -0.976202070713043213 0.144491493701934814 -0.161715641617774963 -0.110670790076255798 0.000000000000000000 0.000000000000000000 0.000000000000000000 1.000000000000000000",
        "initialPose" : [
          -0.21183127164840698,
          -0.47562426328659058,
          0.85376179218292236,
          0.18902735412120819,
          0.046445488929748535,
          0.86770033836364746,
          0.49491313099861145,
          -0.46572202444076538,
          -0.97620207071304321,
          0.14449149370193481,
          -0.16171564161777496,
          -0.1106707900762558,
          0,
          0,
          0,
          1
        ]
      },
      "results" : [
        {
          "resultPose" : [
            -0.071681484580039978,
            -0.61966174840927124,
            0.78158891201019287,
            0.18071842193603516,
            0.010070277377963066,
            0.78311508893966675,
            0.62179529666900635,
            -0.47781947255134583,
            -0.99737679958343506,
            0.052442062646150589,
            -0.049894869327545166,
            -0.11450067162513733,
            0,
            0,
            0,
            1
          ],
          "resultPoseForCloudCompare" : "-0.071681484580039978 -0.619661748409271240 0.781588912010192871 0.180718421936035156 0.010070277377963066 0.783115088939666748 0.621795296669006348 -0.477819472551345825 -0.997376799583435059 0.052442062646150589 -0.049894869327545166 -0.114500671625137329 0.000000000000000000 0.000000000000000000 0.000000000000000000 1.000000000000000000",
          "residualError" : 0.0014342051654649679,
          "name" : "Nose-LeftEye-RightEye",
          "initialPoseForCloudCompare" : "-0.211831271648406982 -0.475624263286590576 0.853761792182922363 0.189027354121208191 0.046445488929748535 0.867700338363647461 0.494913130998611450 -0.465722024440765381 -0.976202070713043213 0.144491493701934814 -0.161715641617774963 -0.110670790076255798 0.000000000000000000 0.000000000000000000 0.000000000000000000 1.000000000000000000",
          "initialPose" : [
            -0.21183127164840698,
            -0.47562426328659058,
            0.85376179218292236,
            0.18902735412120819,
            0.046445488929748535,
            0.86770033836364746,
            0.49491313099861145,
            -0.46572202444076538,
            -0.97620207071304321,
            0.14449149370193481,
            -0.16171564161777496,
            -0.1106707900762558,
            0,
            0,
            0,
            1
          ]
        },
        {
          "resultPose" : [
            -0.071463793516159058,
            -0.62035763263702393,
            0.78105634450912476,
            0.18097402155399323,
            0.011091749183833599,
            0.78251588344573975,
            0.6225317120552063,
            -0.47781398892402649,
            -0.99738150835037231,
            0.053151775151491165,
            -0.049040716141462326,
            -0.11473169922828674,
            0,
            0,
            0,
            1
          ],
          "resultPoseForCloudCompare" : "-0.071463793516159058 -0.620357632637023926 0.781056344509124756 0.180974021553993225 0.011091749183833599 0.782515883445739746 0.622531712055206299 -0.477813988924026489 -0.997381508350372314 0.053151775151491165 -0.049040716141462326 -0.114731699228286743 0.000000000000000000 0.000000000000000000 0.000000000000000000 1.000000000000000000",
          "residualError" : 0.0014345384325596909,
          "name" : "LeftEye-RightEye-Nose",
          "initialPoseForCloudCompare" : "-0.097669936716556549 -0.484465837478637695 0.869340598583221436 0.175556838512420654 0.013190761208534241 0.872810184955596924 0.487881362438201904 -0.461671710014343262 -0.995131433010101318 0.059118621051311493 -0.078856855630874634 -0.112767249345779419 0.000000000000000000 0.000000000000000000 0.000000000000000000 1.000000000000000000",
          "initialPose" : [
            -0.097669936716556549,
            -0.4844658374786377,
            0.86934059858322144,
            0.17555683851242065,
            0.013190761208534241,
            0.87281018495559692,
            0.4878813624382019,
            -0.46167171001434326,
            -0.99513143301010132,
            0.059118621051311493,
            -0.078856855630874634,
            -0.11276724934577942,
            0,
            0,
            0,
            1
          ]
        },
        {
          "resultPose" : [
            -0.072739116847515106,
            -0.61924469470977783,
            0.78182178735733032,
            0.18077786266803741,
            0.010088450275361538,
            0.7834012508392334,
            0.62143415212631226,
            -0.47779557108879089,
            -0.99730002880096436,
            0.053089924156665802,
            -0.050736725330352783,
            -0.11438505351543427,
            0,
            0,
            0,
            1
          ],
          "resultPoseForCloudCompare" : "-0.072739116847515106 -0.619244694709777832 0.781821787357330322 0.180777862668037415 0.010088450275361538 0.783401250839233398 0.621434152126312256 -0.477795571088790894 -0.997300028800964355 0.053089924156665802 -0.050736725330352783 -0.114385053515434265 0.000000000000000000 0.000000000000000000 0.000000000000000000 1.000000000000000000",
          "residualError" : 0.0014367846721134376,
          "name" : "Nose-BetweenEyes-RightEye",
          "initialPoseForCloudCompare" : "-0.215495094656944275 -0.515701830387115479 0.829224765300750732 0.202815130352973938 -0.003272652626037598 0.849552750587463379 0.527493298053741455 -0.462020576000213623 -0.976499497890472412 0.110958471894264221 -0.184762194752693176 -0.098988197743892670 0.000000000000000000 0.000000000000000000 0.000000000000000000 1.000000000000000000",
          "initialPose" : [
            -0.21549509465694427,
            -0.51570183038711548,
            0.82922476530075073,
            0.20281513035297394,
            -0.0032726526260375977,
            0.84955275058746338,
            0.52749329805374146,
            -0.46202057600021362,
            -0.97649949789047241,
            0.11095847189426422,
            -0.18476219475269318,
            -0.09898819774389267,
            0,
            0,
            0,
            1
          ]
        },
        {
          "resultPose" : [
            -0.07187768816947937,
            -0.61997330188751221,
            0.78132367134094238,
            0.18083196878433228,
            0.010213015601038933,
            0.78285127878189087,
            0.62212485074996948,
            -0.47781261801719666,
            -0.9973609447479248,
            0.052696608006954193,
            -0.04993775486946106,
            -0.11449502408504486,
            0,
            0,
            0,
            1
          ],
          "resultPoseForCloudCompare" : "-0.071877688169479370 -0.619973301887512207 0.781323671340942383 0.180831968784332275 0.010213015601038933 0.782851278781890869 0.622124850749969482 -0.477812618017196655 -0.997360944747924805 0.052696608006954193 -0.049937754869461060 -0.114495024085044861 0.000000000000000000 0.000000000000000000 0.000000000000000000 1.000000000000000000",
          "residualError" : 0.0014411280001214201,
          "name" : "BetweenEyes-RightEye-Nose",
          "initialPoseForCloudCompare" : "-0.107866600155830383 -0.524613499641418457 0.844479382038116455 0.190456211566925049 -0.029911421239376068 0.850763499736785889 0.524696648120880127 -0.458975523710250854 -0.993715107440948486 0.031337708234786987 -0.107460923492908478 -0.098142191767692566 0.000000000000000000 0.000000000000000000 0.000000000000000000 1.000000000000000000",
          "initialPose" : [
            -0.10786660015583038,
            -0.52461349964141846,
            0.84447938203811646,
            0.19045621156692505,
            -0.029911421239376068,
            0.85076349973678589,
            0.52469664812088013,
            -0.45897552371025085,
            -0.99371510744094849,
            0.031337708234786987,
            -0.10746092349290848,
            -0.098142191767692566,
            0,
            0,
            0,
            1
          ]
        },
        {
          "initialPoseForCloudCompare" : "-0.000000043711388287 0.000000000000000000 1.000000000000000000 0.032822012901306152 0.000000000000000000 1.000000000000000000 0.000000000000000000 -0.399155914783477783 -1.000000000000000000 0.000000000000000000 -0.000000043711388287 -0.105560481548309326 0.000000000000000000 0.000000000000000000 0.000000000000000000 1.000000000000000000",
          "angularError" : 38.477035522460938,
          "resultPoseForCloudCompare" : "-0.072668470442295074 -0.619943857192993164 0.781273901462554932 0.180940046906471252 0.009907359257340431 0.782857596874237061 0.622121989727020264 -0.477742820978164673 -0.997306942939758301 0.052949015051126480 -0.050747055560350418 -0.114405170083045959 0.000000000000000000 0.000000000000000000 0.000000000000000000 1.000000000000000000",
          "initialPose" : [
            -4.3711388286737929e-08,
            0,
            1,
            0.032822012901306152,
            0,
            1,
            0,
            -0.39915591478347778,
            -1,
            0,
            -4.3711388286737929e-08,
            -0.10556048154830933,
            0,
            0,
            0,
            1
          ],
          "resultPose" : [
            -0.072668470442295074,
            -0.61994385719299316,
            0.78127390146255493,
            0.18094004690647125,
            0.0099073592573404312,
            0.78285759687423706,
            0.62212198972702026,
            -0.47774282097816467,
            -0.9973069429397583,
            0.05294901505112648,
            -0.050747055560350418,
            -0.11440517008304596,
            0,
            0,
            0,
            1
          ],
          "residualError" : 0.0014345275931959688,
          "name" : "SynchronizedNosePosWatchingSupineLeft"
        }
      ]
    },
    {
      "marker" : "http:\/\/dev.skia.site\/ardata\/v2_374\/1482\/5_HEAD.default.obj",
      "selectedStep" : {
        "resultPose" : [
          -0.052316717803478241,
          -0.61089396476745605,
          0.78998196125030518,
          0.1785934716463089,
          -0.014192288741469383,
          0.79144018888473511,
          0.61108165979385376,
          -0.47291275858879089,
          -0.99852949380874634,
          0.020758170634508133,
          -0.050075545907020569,
          -0.11070995032787323,
          0,
          0,
          0,
          1
        ],
        "resultPoseForCloudCompare" : "-0.052316717803478241 -0.610893964767456055 0.789981961250305176 0.178593471646308899 -0.014192288741469383 0.791440188884735107 0.611081659793853760 -0.472912758588790894 -0.998529493808746338 0.020758170634508133 -0.050075545907020569 -0.110709950327873230 0.000000000000000000 0.000000000000000000 0.000000000000000000 1.000000000000000000",
        "residualError" : 0.001193561903102235,
        "name" : "BetweenEyes-RightEye-Nose",
        "initialPoseForCloudCompare" : "-0.107866600155830383 -0.524613499641418457 0.844479382038116455 0.190456211566925049 -0.029911421239376068 0.850763499736785889 0.524696648120880127 -0.458975523710250854 -0.993715107440948486 0.031337708234786987 -0.107460923492908478 -0.098142191767692566 0.000000000000000000 0.000000000000000000 0.000000000000000000 1.000000000000000000",
        "initialPose" : [
          -0.10786660015583038,
          -0.52461349964141846,
          0.84447938203811646,
          0.19045621156692505,
          -0.029911421239376068,
          0.85076349973678589,
          0.52469664812088013,
          -0.45897552371025085,
          -0.99371510744094849,
          0.031337708234786987,
          -0.10746092349290848,
          -0.098142191767692566,
          0,
          0,
          0,
          1
        ]
      },
      "results" : [
        {
          "resultPose" : [
            -0.047096580266952515,
            -0.61196392774581909,
            0.7894822359085083,
            0.17848727107048035,
            -0.015619587153196335,
            0.79071378707885742,
            0.61198675632476807,
            -0.47264406085014343,
            -0.99876827001571655,
            0.016491135582327843,
            -0.046798717230558395,
            -0.11080881953239441,
            0,
            0,
            0,
            1
          ],
          "resultPoseForCloudCompare" : "-0.047096580266952515 -0.611963927745819092 0.789482235908508301 0.178487271070480347 -0.015619587153196335 0.790713787078857422 0.611986756324768066 -0.472644060850143433 -0.998768270015716553 0.016491135582327843 -0.046798717230558395 -0.110808819532394409 0.000000000000000000 0.000000000000000000 0.000000000000000000 1.000000000000000000",
          "residualError" : 0.001201490160140658,
          "name" : "Nose-LeftEye-RightEye",
          "initialPoseForCloudCompare" : "-0.211831271648406982 -0.475624263286590576 0.853761792182922363 0.189027354121208191 0.046445488929748535 0.867700338363647461 0.494913130998611450 -0.465722024440765381 -0.976202070713043213 0.144491493701934814 -0.161715641617774963 -0.110670790076255798 0.000000000000000000 0.000000000000000000 0.000000000000000000 1.000000000000000000",
          "initialPose" : [
            -0.21183127164840698,
            -0.47562426328659058,
            0.85376179218292236,
            0.18902735412120819,
            0.046445488929748535,
            0.86770033836364746,
            0.49491313099861145,
            -0.46572202444076538,
            -0.97620207071304321,
            0.14449149370193481,
            -0.16171564161777496,
            -0.1106707900762558,
            0,
            0,
            0,
            1
          ]
        },
        {
          "resultPose" : [
            -0.051955971866846085,
            -0.61054164171218872,
            0.79027789831161499,
            0.17835812270641327,
            -0.014126208610832691,
            0.79171693325042725,
            0.61072468757629395,
            -0.47296419739723206,
            -0.99854946136474609,
            0.020567178726196289,
            -0.049759078770875931,
            -0.11071359366178513,
            0,
            0,
            0,
            1
          ],
          "resultPoseForCloudCompare" : "-0.051955971866846085 -0.610541641712188721 0.790277898311614990 0.178358122706413269 -0.014126208610832691 0.791716933250427246 0.610724687576293945 -0.472964197397232056 -0.998549461364746094 0.020567178726196289 -0.049759078770875931 -0.110713593661785126 0.000000000000000000 0.000000000000000000 0.000000000000000000 1.000000000000000000",
          "residualError" : 0.0012077097785424184,
          "name" : "LeftEye-RightEye-Nose",
          "initialPoseForCloudCompare" : "-0.097669936716556549 -0.484465837478637695 0.869340598583221436 0.175556838512420654 0.013190761208534241 0.872810184955596924 0.487881362438201904 -0.461671710014343262 -0.995131433010101318 0.059118621051311493 -0.078856855630874634 -0.112767249345779419 0.000000000000000000 0.000000000000000000 0.000000000000000000 1.000000000000000000",
          "initialPose" : [
            -0.097669936716556549,
            -0.4844658374786377,
            0.86934059858322144,
            0.17555683851242065,
            0.013190761208534241,
            0.87281018495559692,
            0.4878813624382019,
            -0.46167171001434326,
            -0.99513143301010132,
            0.059118621051311493,
            -0.078856855630874634,
            -0.11276724934577942,
            0,
            0,
            0,
            1
          ]
        },
        {
          "resultPose" : [
            -0.04807358980178833,
            -0.61061632633209229,
            0.79046624898910522,
            0.17807121574878693,
            -0.014870279468595982,
            0.79173088073730469,
            0.61068880558013916,
            -0.47282567620277405,
            -0.99873316287994385,
            0.017603529617190361,
            -0.047141402959823608,
            -0.11083178222179413,
            0,
            0,
            0,
            1
          ],
          "resultPoseForCloudCompare" : "-0.048073589801788330 -0.610616326332092285 0.790466248989105225 0.178071215748786926 -0.014870279468595982 0.791730880737304688 0.610688805580139160 -0.472825676202774048 -0.998733162879943848 0.017603529617190361 -0.047141402959823608 -0.110831782221794128 0.000000000000000000 0.000000000000000000 0.000000000000000000 1.000000000000000000",
          "residualError" : 0.001199989625384221,
          "name" : "Nose-BetweenEyes-RightEye",
          "initialPoseForCloudCompare" : "-0.215495094656944275 -0.515701830387115479 0.829224765300750732 0.202815130352973938 -0.003272652626037598 0.849552750587463379 0.527493298053741455 -0.462020576000213623 -0.976499497890472412 0.110958471894264221 -0.184762194752693176 -0.098988197743892670 0.000000000000000000 0.000000000000000000 0.000000000000000000 1.000000000000000000",
          "initialPose" : [
            -0.21549509465694427,
            -0.51570183038711548,
            0.82922476530075073,
            0.20281513035297394,
            -0.0032726526260375977,
            0.84955275058746338,
            0.52749329805374146,
            -0.46202057600021362,
            -0.97649949789047241,
            0.11095847189426422,
            -0.18476219475269318,
            -0.09898819774389267,
            0,
            0,
            0,
            1
          ]
        },
        {
          "resultPose" : [
            -0.052316717803478241,
            -0.61089396476745605,
            0.78998196125030518,
            0.1785934716463089,
            -0.014192288741469383,
            0.79144018888473511,
            0.61108165979385376,
            -0.47291275858879089,
            -0.99852949380874634,
            0.020758170634508133,
            -0.050075545907020569,
            -0.11070995032787323,
            0,
            0,
            0,
            1
          ],
          "resultPoseForCloudCompare" : "-0.052316717803478241 -0.610893964767456055 0.789981961250305176 0.178593471646308899 -0.014192288741469383 0.791440188884735107 0.611081659793853760 -0.472912758588790894 -0.998529493808746338 0.020758170634508133 -0.050075545907020569 -0.110709950327873230 0.000000000000000000 0.000000000000000000 0.000000000000000000 1.000000000000000000",
          "residualError" : 0.001193561903102235,
          "name" : "BetweenEyes-RightEye-Nose",
          "initialPoseForCloudCompare" : "-0.107866600155830383 -0.524613499641418457 0.844479382038116455 0.190456211566925049 -0.029911421239376068 0.850763499736785889 0.524696648120880127 -0.458975523710250854 -0.993715107440948486 0.031337708234786987 -0.107460923492908478 -0.098142191767692566 0.000000000000000000 0.000000000000000000 0.000000000000000000 1.000000000000000000",
          "initialPose" : [
            -0.10786660015583038,
            -0.52461349964141846,
            0.84447938203811646,
            0.19045621156692505,
            -0.029911421239376068,
            0.85076349973678589,
            0.52469664812088013,
            -0.45897552371025085,
            -0.99371510744094849,
            0.031337708234786987,
            -0.10746092349290848,
            -0.098142191767692566,
            0,
            0,
            0,
            1
          ]
        },
        {
          "initialPoseForCloudCompare" : "-0.000000043711388287 0.000000000000000000 1.000000000000000000 0.032822012901306152 0.000000000000000000 1.000000000000000000 0.000000000000000000 -0.399155914783477783 -1.000000000000000000 0.000000000000000000 -0.000000043711388287 -0.105560481548309326 0.000000000000000000 0.000000000000000000 0.000000000000000000 1.000000000000000000",
          "angularError" : 37.728923797607422,
          "resultPoseForCloudCompare" : "-0.049785204231739044 -0.611653327941894531 0.789557874202728271 0.178785681724548340 -0.015418498776853085 0.790914654731750488 0.611732184886932373 -0.472671240568161011 -0.998640954494476318 0.018281415104866028 -0.048806626349687576 -0.110656328499317169 0.000000000000000000 0.000000000000000000 0.000000000000000000 1.000000000000000000",
          "initialPose" : [
            -4.3711388286737929e-08,
            0,
            1,
            0.032822012901306152,
            0,
            1,
            0,
            -0.39915591478347778,
            -1,
            0,
            -4.3711388286737929e-08,
            -0.10556048154830933,
            0,
            0,
            0,
            1
          ],
          "resultPose" : [
            -0.049785204231739044,
            -0.61165332794189453,
            0.78955787420272827,
            0.17878568172454834,
            -0.015418498776853085,
            0.79091465473175049,
            0.61173218488693237,
            -0.47267124056816101,
            -0.99864095449447632,
            0.018281415104866028,
            -0.048806626349687576,
            -0.11065632849931717,
            0,
            0,
            0,
            1
          ],
          "residualError" : 0.0011995106749913814,
          "name" : "SynchronizedNosePosWatchingSupineLeft"
        }
      ]
    },
    {
      "marker" : "http:\/\/dev.skia.site\/ardata\/v2_374\/1482\/4_4_HEAD.classic.obj",
      "selectedStep" : {
        "resultPose" : [
          -0.070484355092048645,
          -0.60425049066543579,
          0.79367071390151978,
          0.17994225025177002,
          0.0093549527227878571,
          0.79521417617797852,
          0.60625630617141724,
          -0.47498199343681335,
          -0.99746882915496826,
          0.050156380981206894,
          -0.050397440791130066,
          -0.11439292132854462,
          0,
          0,
          0,
          1
        ],
        "resultPoseForCloudCompare" : "-0.070484355092048645 -0.604250490665435791 0.793670713901519775 0.179942250251770020 0.009354952722787857 0.795214176177978516 0.606256306171417236 -0.474981993436813354 -0.997468829154968262 0.050156380981206894 -0.050397440791130066 -0.114392921328544617 0.000000000000000000 0.000000000000000000 0.000000000000000000 1.000000000000000000",
        "residualError" : 0.0011253293652912556,
        "name" : "BetweenEyes-RightEye-Nose",
        "initialPoseForCloudCompare" : "-0.107866600155830383 -0.524613499641418457 0.844479382038116455 0.190456211566925049 -0.029911421239376068 0.850763499736785889 0.524696648120880127 -0.458975523710250854 -0.993715107440948486 0.031337708234786987 -0.107460923492908478 -0.098142191767692566 0.000000000000000000 0.000000000000000000 0.000000000000000000 1.000000000000000000",
        "initialPose" : [
          -0.10786660015583038,
          -0.52461349964141846,
          0.84447938203811646,
          0.19045621156692505,
          -0.029911421239376068,
          0.85076349973678589,
          0.52469664812088013,
          -0.45897552371025085,
          -0.99371510744094849,
          0.031337708234786987,
          -0.10746092349290848,
          -0.098142191767692566,
          0,
          0,
          0,
          1
        ]
      },
      "results" : [
        {
          "resultPose" : [
            -0.069852761924266815,
            -0.60526460409164429,
            0.79295367002487183,
            0.1799752414226532,
            0.0067919790744781494,
            0.79458832740783691,
            0.60711061954498291,
            -0.47484728693962097,
            -0.99753427505493164,
            0.047794114798307419,
            -0.051393426954746246,
            -0.11390083283185959,
            0,
            0,
            0,
            1
          ],
          "resultPoseForCloudCompare" : "-0.069852761924266815 -0.605264604091644287 0.792953670024871826 0.179975241422653198 0.006791979074478149 0.794588327407836914 0.607110619544982910 -0.474847286939620972 -0.997534275054931641 0.047794114798307419 -0.051393426954746246 -0.113900832831859589 0.000000000000000000 0.000000000000000000 0.000000000000000000 1.000000000000000000",
          "residualError" : 0.0011317818394138276,
          "name" : "Nose-LeftEye-RightEye",
          "initialPoseForCloudCompare" : "-0.211831271648406982 -0.475624263286590576 0.853761792182922363 0.189027354121208191 0.046445488929748535 0.867700338363647461 0.494913130998611450 -0.465722024440765381 -0.976202070713043213 0.144491493701934814 -0.161715641617774963 -0.110670790076255798 0.000000000000000000 0.000000000000000000 0.000000000000000000 1.000000000000000000",
          "initialPose" : [
            -0.21183127164840698,
            -0.47562426328659058,
            0.85376179218292236,
            0.18902735412120819,
            0.046445488929748535,
            0.86770033836364746,
            0.49491313099861145,
            -0.46572202444076538,
            -0.97620207071304321,
            0.14449149370193481,
            -0.16171564161777496,
            -0.1106707900762558,
            0,
            0,
            0,
            1
          ]
        },
        {
          "resultPose" : [
            -0.068881712853908539,
            -0.60238194465637207,
            0.79523015022277832,
            0.17877410352230072,
            0.013693654909729958,
            0.7964775562286377,
            0.60451292991638184,
            -0.47558805346488953,
            -0.99753081798553467,
            0.052529510110616684,
            -0.046613942831754684,
            -0.11528598517179489,
            0,
            0,
            0,
            1
          ],
