{
  "selectedMarker" : {
    "marker" : "http:\/\/dev.skia.site\/ardata\/v2_374\/1482\/7_HEAD.with_ears.obj",
    "selectedStep" : {
      "resultPose" : [
        -0.16499900817871094,
        0.5807424783706665,
        -0.79719084501266479,
        0.29270476102828979,
        -0.0121187474578619,
        0.80701446533203125,
        0.59040707349777222,
        -0.48468711972236633,
        0.98621934652328491,
        0.10707753896713257,
        -0.12611865997314453,
        -0.32439762353897095,
        0,
        0,
        0,
        1
      ],
      "resultPoseForCloudCompare" : "-0.164999008178710938 0.580742478370666504 -0.797190845012664795 0.292704761028289795 -0.012118747457861900 0.807014465332031250 0.590407073497772217 -0.484687119722366333 0.986219346523284912 0.107077538967132568 -0.126118659973144531 -0.324397623538970947 0.000000000000000000 0.000000000000000000 0.000000000000000000 1.000000000000000000",
      "residualError" : 0.0010461514894983396,
      "name" : "Nose-BetweenEyes-RightEye",
      "initialPoseForCloudCompare" : "-0.109513953328132629 0.540356338024139404 -0.834279000759124756 0.260107129812240601 -0.037696596235036850 0.836465716361999512 0.546720981597900391 -0.470219850540161133 0.993270277976989746 0.091323055326938629 -0.071235023438930511 -0.327591836452484131 0.000000000000000000 0.000000000000000000 0.000000000000000000 1.000000000000000000",
      "initialPose" : [
        -0.10951395332813263,
        0.5403563380241394,
        -0.83427900075912476,
        0.2601071298122406,
        -0.03769659623503685,
        0.83646571636199951,
        0.54672098159790039,
        -0.47021985054016113,
        0.99327027797698975,
        0.091323055326938629,
        -0.071235023438930511,
        -0.32759183645248413,
        0,
        0,
        0,
        1
      ]
    },
    "results" : [
      {
        "resultPose" : [
          -0.16786821186542511,
          0.57815355062484741,
          -0.7984728217124939,
          0.29389101266860962,
          -0.01366228424012661,
          0.80852454900741577,
          0.58830398321151733,
          -0.48466959595680237,
          0.98571485280990601,
          0.10966649651527405,
          -0.12782661616802216,
          -0.32430234551429749,
          0,
          0,
          0,
          1
        ],
        "resultPoseForCloudCompare" : "-0.167868211865425110 0.578153550624847412 -0.798472821712493896 0.293891012668609619 -0.013662284240126610 0.808524549007415771 0.588303983211517334 -0.484669595956802368 0.985714852809906006 0.109666496515274048 -0.127826616168022156 -0.324302345514297485 0.000000000000000000 0.000000000000000000 0.000000000000000000 1.000000000000000000",
        "residualError" : 0.0010535450283846465,
        "name" : "Nose-LeftEye-RightEye",
        "initialPoseForCloudCompare" : "-0.093714199960231781 0.538082659244537354 -0.837666273117065430 0.259436994791030884 -0.023263547569513321 0.839955866336822510 0.542155981063842773 -0.471796214580535889 0.995327413082122803 0.070294797420501709 -0.066198036074638367 -0.324088513851165771 0.000000000000000000 0.000000000000000000 0.000000000000000000 1.000000000000000000",
        "initialPose" : [
          -0.093714199960231781,
          0.53808265924453735,
          -0.83766627311706543,
          0.25943699479103088,
          -0.023263547569513321,
          0.83995586633682251,
          0.54215598106384277,
          -0.47179621458053589,
          0.9953274130821228,
          0.070294797420501709,
          -0.066198036074638367,
          -0.32408851385116577,
          0,
          0,
          0,
          1
        ]
      },
      {
        "resultPose" : [
          -0.16612553596496582,
          0.57947325706481934,
          -0.79788011312484741,
          0.29329422116279602,
          -0.012903595343232155,
          0.80777645111083984,
          0.58934736251831055,
          -0.48469525575637817,
          0.98602002859115601,
          0.10820119082927704,
          -0.1267150342464447,
          -0.32438045740127563,
          0,
          0,
          0,
          1
        ],
        "resultPoseForCloudCompare" : "-0.166125535964965820 0.579473257064819336 -0.797880113124847412 0.293294221162796021 -0.012903595343232155 0.807776451110839844 0.589347362518310547 -0.484695255756378174 0.986020028591156006 0.108201190829277039 -0.126715034246444702 -0.324380457401275635 0.000000000000000000 0.000000000000000000 0.000000000000000000 1.000000000000000000",
        "residualError" : 0.0010559076002823328,
        "name" : "LeftEye-RightEye-Nose",
        "initialPoseForCloudCompare" : "-0.170285522937774658 0.527774930000305176 -0.832139432430267334 0.266048461198806763 -0.040624622255563736 0.839995145797729492 0.541070640087127686 -0.470250785350799561 0.984556853771209717 0.125941872596740723 -0.121598377823829651 -0.322045922279357910 0.000000000000000000 0.000000000000000000 0.000000000000000000 1.000000000000000000",
        "initialPose" : [
          -0.17028552293777466,
          0.52777493000030518,
          -0.83213943243026733,
          0.26604846119880676,
          -0.040624622255563736,
          0.83999514579772949,
          0.54107064008712769,
          -0.47025078535079956,
          0.98455685377120972,
          0.12594187259674072,
          -0.12159837782382965,
          -0.32204592227935791,
          0,
          0,
          0,
          1
        ]
      },
      {
        "resultPose" : [
          -0.16499900817871094,
          0.5807424783706665,
          -0.79719084501266479,
          0.29270476102828979,
          -0.0121187474578619,
          0.80701446533203125,
          0.59040707349777222,
          -0.48468711972236633,
          0.98621934652328491,
          0.10707753896713257,
          -0.12611865997314453,
          -0.32439762353897095,
          0,
          0,
          0,
          1
        ],
        "resultPoseForCloudCompare" : "-0.164999008178710938 0.580742478370666504 -0.797190845012664795 0.292704761028289795 -0.012118747457861900 0.807014465332031250 0.590407073497772217 -0.484687119722366333 0.986219346523284912 0.107077538967132568 -0.126118659973144531 -0.324397623538970947 0.000000000000000000 0.000000000000000000 0.000000000000000000 1.000000000000000000",
        "residualError" : 0.0010461514894983396,
        "name" : "Nose-BetweenEyes-RightEye",
        "initialPoseForCloudCompare" : "-0.109513953328132629 0.540356338024139404 -0.834279000759124756 0.260107129812240601 -0.037696596235036850 0.836465716361999512 0.546720981597900391 -0.470219850540161133 0.993270277976989746 0.091323055326938629 -0.071235023438930511 -0.327591836452484131 0.000000000000000000 0.000000000000000000 0.000000000000000000 1.000000000000000000",
        "initialPose" : [
          -0.10951395332813263,
          0.5403563380241394,
          -0.83427900075912476,
          0.2601071298122406,
          -0.03769659623503685,
          0.83646571636199951,
          0.54672098159790039,
          -0.47021985054016113,
          0.99327027797698975,
          0.091323055326938629,
          -0.071235023438930511,
          -0.32759183645248413,
          0,
          0,
          0,
          1
        ]
      },
      {
        "resultPose" : [
          -0.16358906030654907,
          0.57807916402816772,
          -0.79941421747207642,
          0.29361402988433838,
          -0.014979819767177105,
          0.80878156423568726,
          0.58791828155517578,
          -0.48451563715934753,
          0.98641437292098999,
          0.10815209895372391,
          -0.12364833056926727,
          -0.32499372959136963,
          0,
          0,
          0,
          1
        ],
        "resultPoseForCloudCompare" : "-0.163589060306549072 0.578079164028167725 -0.799414217472076416 0.293614029884338379 -0.014979819767177105 0.808781564235687256 0.587918281555175781 -0.484515637159347534 0.986414372920989990 0.108152098953723907 -0.123648330569267273 -0.324993729591369629 0.000000000000000000 0.000000000000000000 0.000000000000000000 1.000000000000000000",
        "residualError" : 0.0010519595498646758,
        "name" : "BetweenEyes-RightEye-Nose",
        "initialPoseForCloudCompare" : "-0.208204060792922974 0.525106251239776611 -0.825175404548645020 0.270590841770172119 -0.059500522911548615 0.835301518440246582 0.546562850475311279 -0.467874288558959961 0.976273477077484131 0.162895023822784424 -0.142669126391410828 -0.324795901775360107 0.000000000000000000 0.000000000000000000 0.000000000000000000 1.000000000000000000",
        "initialPose" : [
          -0.20820406079292297,
          0.52510625123977661,
          -0.82517540454864502,
          0.27059084177017212,
          -0.059500522911548615,
          0.83530151844024658,
          0.54656285047531128,
          -0.46787428855895996,
          0.97627347707748413,
          0.16289502382278442,
          -0.14266912639141083,
          -0.32479590177536011,
          0,
          0,
          0,
          1
        ]
      },
      {
        "initialPoseForCloudCompare" : "-0.000000043711388287 0.000000000000000000 -1.000000000000000000 0.397734403610229492 0.000000000000000000 1.000000000000000000 0.000000000000000000 -0.410643368959426880 1.000000000000000000 0.000000000000000000 -0.000000043711388287 -0.321163386106491089 0.000000000000000000 0.000000000000000000 0.000000000000000000 1.000000000000000000",
        "angularError" : 18.044931411743164,
        "resultPoseForCloudCompare" : "-0.186478450894355774 0.304967015981674194 -0.933927655220031738 0.339760720729827881 0.003709014039486647 0.950813889503479004 0.309740513563156128 -0.450283050537109375 0.982452034950256348 0.054295979440212250 -0.178437426686286926 -0.310486227273941040 0.000000000000000000 0.000000000000000000 0.000000000000000000 1.000000000000000000",
        "initialPose" : [
          -4.3711388286737929e-08,
          0,
          -1,
          0.39773440361022949,
          0,
          1,
          0,
          -0.41064336895942688,
          1,
          0,
          -4.3711388286737929e-08,
          -0.32116338610649109,
          0,
          0,
          0,
          1
        ],
        "resultPose" : [
          -0.18647845089435577,
          0.30496701598167419,
          -0.93392765522003174,
          0.33976072072982788,
          0.0037090140394866467,
          0.950813889503479,
          0.30974051356315613,
          -0.45028305053710938,
          0.98245203495025635,
          0.05429597944021225,
          -0.17843742668628693,
          -0.31048622727394104,
          0,
          0,
          0,
          1
        ],
        "residualError" : 0.00065707476462381674,
        "name" : "SynchronizedNosePosWatchingSupineRight"
      }
    ]
  },
  "calculatedData" : {
    "clinicalTrialSubData" : [
      {
        "matchedMarkingCenters" : [

        ],
        "resultPosMatrix" : [

        ]
      },
      {
        "matchedMarkingCenters" : [

        ],
        "resultPosMatrix" : [

        ]
      },
      {
        "matchedMarkingCenters" : [

        ],
        "resultPosMatrix" : [

        ]
      },
      {
        "matchedMarkingCenters" : [

        ],
        "resultPosMatrix" : [

        ]
      }
    ],
    "pointsOfInterest" : {
      "markingCenterOfMass" : [

      ],
      "closestSkinPoint" : [

      ],
      "lesionCenterOfMass" : [

      ]
    },
    "clinicalTrialData" : {
      "matchedMarkingCenters" : [

      ],
      "resultPosMatrix" : [

      ]
    }
  },
  "elapsedTime" : 2.2016419172286987,
  "results" : [
    {
      "marker" : "http:\/\/dev.skia.site\/ardata\/v2_374\/1482\/6_HEAD.face_only.obj",
      "selectedStep" : {
        "resultPose" : [
          -0.16126680374145508,
          0.60044270753860474,
          -0.78323763608932495,
          0.28999602794647217,
          0.0094077130779623985,
          0.79452472925186157,
          0.6071586012840271,
          -0.48948520421981812,
          0.98686587810516357,
          0.090546078979969025,
          -0.13377928733825684,
          -0.3202546238899231,
          0,
          0,
          0,
          1
        ],
        "resultPoseForCloudCompare" : "-0.161266803741455078 0.600442707538604736 -0.783237636089324951 0.289996027946472168 0.009407713077962399 0.794524729251861572 0.607158601284027100 -0.489485204219818115 0.986865878105163574 0.090546078979969025 -0.133779287338256836 -0.320254623889923096 0.000000000000000000 0.000000000000000000 0.000000000000000000 1.000000000000000000",
        "residualError" : 0.0014984378421617674,
        "name" : "LeftEye-RightEye-Nose",
        "initialPoseForCloudCompare" : "-0.170285522937774658 0.527774930000305176 -0.832139432430267334 0.266048461198806763 -0.040624622255563736 0.839995145797729492 0.541070640087127686 -0.470250785350799561 0.984556853771209717 0.125941872596740723 -0.121598377823829651 -0.322045922279357910 0.000000000000000000 0.000000000000000000 0.000000000000000000 1.000000000000000000",
        "initialPose" : [
          -0.17028552293777466,
          0.52777493000030518,
          -0.83213943243026733,
          0.26604846119880676,
          -0.040624622255563736,
          0.83999514579772949,
          0.54107064008712769,
          -0.47025078535079956,
          0.98455685377120972,
          0.12594187259674072,
          -0.12159837782382965,
          -0.32204592227935791,
          0,
          0,
          0,
          1
        ]
      },
      "results" : [
        {
          "resultPose" : [
            -0.16006027162075043,
            0.60085612535476685,
            -0.78316837549209595,
            0.28965768218040466,
            0.009530101902782917,
            0.79430115222930908,
            0.60744959115982056,
            -0.48942258954048157,
            0.98706132173538208,
            0.089764863252639771,
            -0.13286222517490387,
            -0.32030263543128967,
            0,
            0,
            0,
            1
          ],
          "resultPoseForCloudCompare" : "-0.160060271620750427 0.600856125354766846 -0.783168375492095947 0.289657682180404663 0.009530101902782917 0.794301152229309082 0.607449591159820557 -0.489422589540481567 0.987061321735382080 0.089764863252639771 -0.132862225174903870 -0.320302635431289673 0.000000000000000000 0.000000000000000000 0.000000000000000000 1.000000000000000000",
          "residualError" : 0.0015174769485687377,
          "name" : "Nose-LeftEye-RightEye",
          "initialPoseForCloudCompare" : "-0.093714199960231781 0.538082659244537354 -0.837666273117065430 0.259436994791030884 -0.023263547569513321 0.839955866336822510 0.542155981063842773 -0.471796214580535889 0.995327413082122803 0.070294797420501709 -0.066198036074638367 -0.324088513851165771 0.000000000000000000 0.000000000000000000 0.000000000000000000 1.000000000000000000",
          "initialPose" : [
            -0.093714199960231781,
            0.53808265924453735,
            -0.83766627311706543,
            0.25943699479103088,
            -0.023263547569513321,
            0.83995586633682251,
            0.54215598106384277,
            -0.47179621458053589,
            0.9953274130821228,
            0.070294797420501709,
            -0.066198036074638367,
            -0.32408851385116577,
            0,
            0,
            0,
            1
          ]
        },
        {
          "resultPose" : [
            -0.16126680374145508,
            0.60044270753860474,
            -0.78323763608932495,
            0.28999602794647217,
            0.0094077130779623985,
            0.79452472925186157,
            0.6071586012840271,
            -0.48948520421981812,
            0.98686587810516357,
            0.090546078979969025,
            -0.13377928733825684,
            -0.3202546238899231,
            0,
            0,
            0,
            1
          ],
          "resultPoseForCloudCompare" : "-0.161266803741455078 0.600442707538604736 -0.783237636089324951 0.289996027946472168 0.009407713077962399 0.794524729251861572 0.607158601284027100 -0.489485204219818115 0.986865878105163574 0.090546078979969025 -0.133779287338256836 -0.320254623889923096 0.000000000000000000 0.000000000000000000 0.000000000000000000 1.000000000000000000",
          "residualError" : 0.0014984378421617674,
          "name" : "LeftEye-RightEye-Nose",
          "initialPoseForCloudCompare" : "-0.170285522937774658 0.527774930000305176 -0.832139432430267334 0.266048461198806763 -0.040624622255563736 0.839995145797729492 0.541070640087127686 -0.470250785350799561 0.984556853771209717 0.125941872596740723 -0.121598377823829651 -0.322045922279357910 0.000000000000000000 0.000000000000000000 0.000000000000000000 1.000000000000000000",
          "initialPose" : [
            -0.17028552293777466,
            0.52777493000030518,
            -0.83213943243026733,
            0.26604846119880676,
            -0.040624622255563736,
            0.83999514579772949,
            0.54107064008712769,
            -0.47025078535079956,
            0.98455685377120972,
            0.12594187259674072,
            -0.12159837782382965,
            -0.32204592227935791,
            0,
            0,
            0,
            1
          ]
        },
        {
          "resultPose" : [
            -0.16209521889686584,
            0.5998920202255249,
            -0.78348863124847412,
            0.29016658663749695,
            0.0091259470209479332,
            0.79486644268035889,
            0.60671555995941162,
            -0.48945745825767517,
            0.98673301935195923,
            0.091195613145828247,
            -0.13431857526302338,
            -0.32022124528884888,
            0,
            0,
            0,
            1
          ],
          "resultPoseForCloudCompare" : "-0.162095218896865845 0.599892020225524902 -0.783488631248474121 0.290166586637496948 0.009125947020947933 0.794866442680358887 0.606715559959411621 -0.489457458257675171 0.986733019351959229 0.091195613145828247 -0.134318575263023376 -0.320221245288848877 0.000000000000000000 0.000000000000000000 0.000000000000000000 1.000000000000000000",
          "residualError" : 0.0014984594783311049,
          "name" : "Nose-BetweenEyes-RightEye",
          "initialPoseForCloudCompare" : "-0.109513953328132629 0.540356338024139404 -0.834279000759124756 0.260107129812240601 -0.037696596235036850 0.836465716361999512 0.546720981597900391 -0.470219850540161133 0.993270277976989746 0.091323055326938629 -0.071235023438930511 -0.327591836452484131 0.000000000000000000 0.000000000000000000 0.000000000000000000 1.000000000000000000",
          "initialPose" : [
            -0.10951395332813263,
            0.5403563380241394,
            -0.83427900075912476,
            0.2601071298122406,
            -0.03769659623503685,
            0.83646571636199951,
            0.54672098159790039,
            -0.47021985054016113,
            0.99327027797698975,
            0.091323055326938629,
            -0.071235023438930511,
            -0.32759183645248413,
            0,
            0,
            0,
            1
          ]
        },
        {
          "resultPose" : [
            -0.16403533518314362,
            0.59990280866622925,
            -0.78307664394378662,
            0.29034644365310669,
            0.010575095191597939,
            0.79485327005386353,
            0.60670942068099976,
            -0.48961126804351807,
            0.98639732599258423,
            0.091240681707859039,
            -0.13672809302806854,
            -0.31973034143447876,
            0,
            0,
            0,
            1
          ],
          "resultPoseForCloudCompare" : "-0.164035335183143616 0.599902808666229248 -0.783076643943786621 0.290346443653106689 0.010575095191597939 0.794853270053863525 0.606709420680999756 -0.489611268043518066 0.986397325992584229 0.091240681707859039 -0.136728093028068542 -0.319730341434478760 0.000000000000000000 0.000000000000000000 0.000000000000000000 1.000000000000000000",
          "residualError" : 0.0015235513473484045,
          "name" : "BetweenEyes-RightEye-Nose",
          "initialPoseForCloudCompare" : "-0.208204060792922974 0.525106251239776611 -0.825175404548645020 0.270590841770172119 -0.059500522911548615 0.835301518440246582 0.546562850475311279 -0.467874288558959961 0.976273477077484131 0.162895023822784424 -0.142669126391410828 -0.324795901775360107 0.000000000000000000 0.000000000000000000 0.000000000000000000 1.000000000000000000",
          "initialPose" : [
            -0.20820406079292297,
            0.52510625123977661,
            -0.82517540454864502,
            0.27059084177017212,
            -0.059500522911548615,
            0.83530151844024658,
            0.54656285047531128,
            -0.46787428855895996,
            0.97627347707748413,
            0.16289502382278442,
            -0.14266912639141083,
            -0.32479590177536011,
            0,
            0,
            0,
            1
          ]
        },
        {
          "initialPoseForCloudCompare" : "-0.000000043711388287 0.000000000000000000 -1.000000000000000000 0.397734403610229492 0.000000000000000000 1.000000000000000000 0.000000000000000000 -0.410643368959426880 1.000000000000000000 0.000000000000000000 -0.000000043711388287 -0.321163386106491089 0.000000000000000000 0.000000000000000000 0.000000000000000000 1.000000000000000000",
          "angularError" : 18.203151702880859,
          "resultPoseForCloudCompare" : "-0.186230570077896118 0.306989222764968872 -0.933314442634582520 0.339128345251083374 0.000379365781554952 0.949954867362976074 0.312386959791183472 -0.450203359127044678 0.982505977153778076 0.057821933180093765 -0.177027091383934021 -0.311046779155731201 0.000000000000000000 0.000000000000000000 0.000000000000000000 1.000000000000000000",
          "initialPose" : [
            -4.3711388286737929e-08,
            0,
            -1,
            0.39773440361022949,
            0,
            1,
            0,
            -0.41064336895942688,
            1,
            0,
            -4.3711388286737929e-08,
            -0.32116338610649109,
            0,
            0,
            0,
            1
          ],
          "resultPose" : [
            -0.18623057007789612,
            0.30698922276496887,
            -0.93331444263458252,
            0.33912834525108337,
            0.00037936578155495226,
            0.94995486736297607,
            0.31238695979118347,
            -0.45020335912704468,
            0.98250597715377808,
            0.057821933180093765,
            -0.17702709138393402,
            -0.3110467791557312,
            0,
            0,
            0,
            1
          ],
          "residualError" : 0.0010236727019376113,
          "name" : "SynchronizedNosePosWatchingSupineRight"
        }
      ]
    },
    {
      "marker" : "http:\/\/dev.skia.site\/ardata\/v2_374\/1482\/5_HEAD.default.obj",
      "selectedStep" : {
        "resultPose" : [
          -0.16856460273265839,
          0.58427959680557251,
          -0.7938535213470459,
          0.29297682642936707,
          -0.012409067712724209,
          0.80405634641647339,
          0.59442377090454102,
          -0.4849855899810791,
          0.98561257123947144,
          0.1100497767329216,
          -0.1282850056886673,
          -0.32422107458114624,
          0,
          0,
          0,
          1
        ],
        "resultPoseForCloudCompare" : "-0.168564602732658386 0.584279596805572510 -0.793853521347045898 0.292976826429367065 -0.012409067712724209 0.804056346416473389 0.594423770904541016 -0.484985589981079102 0.985612571239471436 0.110049776732921600 -0.128285005688667297 -0.324221074581146240 0.000000000000000000 0.000000000000000000 0.000000000000000000 1.000000000000000000",
        "residualError" : 0.0011966219983541688,
        "name" : "Nose-LeftEye-RightEye",
        "initialPoseForCloudCompare" : "-0.093714199960231781 0.538082659244537354 -0.837666273117065430 0.259436994791030884 -0.023263547569513321 0.839955866336822510 0.542155981063842773 -0.471796214580535889 0.995327413082122803 0.070294797420501709 -0.066198036074638367 -0.324088513851165771 0.000000000000000000 0.000000000000000000 0.000000000000000000 1.000000000000000000",
        "initialPose" : [
          -0.093714199960231781,
          0.53808265924453735,
          -0.83766627311706543,
          0.25943699479103088,
          -0.023263547569513321,
          0.83995586633682251,
          0.54215598106384277,
          -0.47179621458053589,
          0.9953274130821228,
          0.070294797420501709,
          -0.066198036074638367,
          -0.32408851385116577,
          0,
          0,
          0,
          1
        ]
      },
      "results" : [
        {
          "resultPose" : [
            -0.16856460273265839,
            0.58427959680557251,
            -0.7938535213470459,
            0.29297682642936707,
            -0.012409067712724209,
            0.80405634641647339,
            0.59442377090454102,
            -0.4849855899810791,
            0.98561257123947144,
            0.1100497767329216,
            -0.1282850056886673,
            -0.32422107458114624,
            0,
            0,
            0,
            1
          ],
          "resultPoseForCloudCompare" : "-0.168564602732658386 0.584279596805572510 -0.793853521347045898 0.292976826429367065 -0.012409067712724209 0.804056346416473389 0.594423770904541016 -0.484985589981079102 0.985612571239471436 0.110049776732921600 -0.128285005688667297 -0.324221074581146240 0.000000000000000000 0.000000000000000000 0.000000000000000000 1.000000000000000000",
          "residualError" : 0.0011966219983541688,
          "name" : "Nose-LeftEye-RightEye",
          "initialPoseForCloudCompare" : "-0.093714199960231781 0.538082659244537354 -0.837666273117065430 0.259436994791030884 -0.023263547569513321 0.839955866336822510 0.542155981063842773 -0.471796214580535889 0.995327413082122803 0.070294797420501709 -0.066198036074638367 -0.324088513851165771 0.000000000000000000 0.000000000000000000 0.000000000000000000 1.000000000000000000",
          "initialPose" : [
            -0.093714199960231781,
            0.53808265924453735,
            -0.83766627311706543,
            0.25943699479103088,
            -0.023263547569513321,
            0.83995586633682251,
            0.54215598106384277,
            -0.47179621458053589,
            0.9953274130821228,
            0.070294797420501709,
            -0.066198036074638367,
            -0.32408851385116577,
            0,
            0,
            0,
            1
          ]
        },
        {
          "resultPose" : [
            -0.1679140031337738,
            0.58432996273040771,
            -0.79395401477813721,
            0.29286926984786987,
            -0.012088562361896038,
            0.8041081428527832,
            0.5943598747253418,
            -0.48503208160400391,
            0.98572736978530884,
            0.10939913243055344,
            -0.12795732915401459,
            -0.32417860627174377,
            0,
            0,
            0,
            1
          ],
          "resultPoseForCloudCompare" : "-0.167914003133773804 0.584329962730407715 -0.793954014778137207 0.292869269847869873 -0.012088562361896038 0.804108142852783203 0.594359874725341797 -0.485032081604003906 0.985727369785308838 0.109399132430553436 -0.127957329154014587 -0.324178606271743774 0.000000000000000000 0.000000000000000000 0.000000000000000000 1.000000000000000000",
          "residualError" : 0.0012034809797651876,
          "name" : "LeftEye-RightEye-Nose",
          "initialPoseForCloudCompare" : "-0.170285522937774658 0.527774930000305176 -0.832139432430267334 0.266048461198806763 -0.040624622255563736 0.839995145797729492 0.541070640087127686 -0.470250785350799561 0.984556853771209717 0.125941872596740723 -0.121598377823829651 -0.322045922279357910 0.000000000000000000 0.000000000000000000 0.000000000000000000 1.000000000000000000",
          "initialPose" : [
            -0.17028552293777466,
            0.52777493000030518,
            -0.83213943243026733,
            0.26604846119880676,
            -0.040624622255563736,
            0.83999514579772949,
            0.54107064008712769,
            -0.47025078535079956,
            0.98455685377120972,
            0.12594187259674072,
            -0.12159837782382965,
            -0.32204592227935791,
            0,
            0,
            0,
            1
          ]
        },
        {
          "resultPose" : [
            -0.16750031709671021,
            0.58462744951248169,
            -0.79382246732711792,
            0.29260942339897156,
            -0.012634851038455963,
            0.80385923385620117,
            0.59468519687652588,
            -0.48492595553398132,
            0.98579114675521851,
            0.10963978618383408,
            -0.12725993990898132,
            -0.32436344027519226,
            0,
            0,
            0,
            1
          ],
          "resultPoseForCloudCompare" : "-0.167500317096710205 0.584627449512481689 -0.793822467327117920 0.292609423398971558 -0.012634851038455963 0.803859233856201172 0.594685196876525879 -0.484925955533981323 0.985791146755218506 0.109639786183834076 -0.127259939908981323 -0.324363440275192261 0.000000000000000000 0.000000000000000000 0.000000000000000000 1.000000000000000000",
          "residualError" : 0.0011988486423085332,
          "name" : "Nose-BetweenEyes-RightEye",
          "initialPoseForCloudCompare" : "-0.109513953328132629 0.540356338024139404 -0.834279000759124756 0.260107129812240601 -0.037696596235036850 0.836465716361999512 0.546720981597900391 -0.470219850540161133 0.993270277976989746 0.091323055326938629 -0.071235023438930511 -0.327591836452484131 0.000000000000000000 0.000000000000000000 0.000000000000000000 1.000000000000000000",
          "initialPose" : [
            -0.10951395332813263,
            0.5403563380241394,
            -0.83427900075912476,
            0.2601071298122406,
            -0.03769659623503685,
            0.83646571636199951,
            0.54672098159790039,
            -0.47021985054016113,
            0.99327027797698975,
            0.091323055326938629,
            -0.071235023438930511,
            -0.32759183645248413,
            0,
            0,
            0,
            1
          ]
        },
        {
          "resultPose" : [
            -0.16805928945541382,
            0.58425945043563843,
            -0.79397541284561157,
            0.29294487833976746,
            -0.012391071766614914,
            0.80411547422409058,
            0.59434390068054199,
            -0.48501259088516235,
            0.98569858074188232,
            0.10972324758768082,
            -0.12789952754974365,
            -0.32422560453414917,
            0,
            0,
            0,
            1
          ],
          "resultPoseForCloudCompare" : "-0.168059289455413818 0.584259450435638428 -0.793975412845611572 0.292944878339767456 -0.012391071766614914 0.804115474224090576 0.594343900680541992 -0.485012590885162354 0.985698580741882324 0.109723247587680817 -0.127899527549743652 -0.324225604534149170 0.000000000000000000 0.000000000000000000 0.000000000000000000 1.000000000000000000",
          "residualError" : 0.0012053491638707736,
          "name" : "BetweenEyes-RightEye-Nose",
          "initialPoseForCloudCompare" : "-0.208204060792922974 0.525106251239776611 -0.825175404548645020 0.270590841770172119 -0.059500522911548615 0.835301518440246582 0.546562850475311279 -0.467874288558959961 0.976273477077484131 0.162895023822784424 -0.142669126391410828 -0.324795901775360107 0.000000000000000000 0.000000000000000000 0.000000000000000000 1.000000000000000000",
          "initialPose" : [
            -0.20820406079292297,
            0.52510625123977661,
            -0.82517540454864502,
            0.27059084177017212,
            -0.059500522911548615,
            0.83530151844024658,
            0.54656285047531128,
            -0.46787428855895996,
            0.97627347707748413,
            0.16289502382278442,
            -0.14266912639141083,
            -0.32479590177536011,
            0,
            0,
            0,
            1
          ]
        },
        {
          "initialPoseForCloudCompare" : "-0.000000043711388287 0.000000000000000000 -1.000000000000000000 0.397734403610229492 0.000000000000000000 1.000000000000000000 0.000000000000000000 -0.410643368959426880 1.000000000000000000 0.000000000000000000 -0.000000043711388287 -0.321163386106491089 0.000000000000000000 0.000000000000000000 0.000000000000000000 1.000000000000000000",
          "angularError" : 18.087528228759766,
          "resultPoseForCloudCompare" : "-0.186783000826835632 0.304866760969161987 -0.933899521827697754 0.339666396379470825 -0.000778056215494871 0.950583279132843018 0.310468703508377075 -0.449911177158355713 0.982400894165039062 0.058716900646686554 -0.177315592765808105 -0.311119675636291504 0.000000000000000000 0.000000000000000000 0.000000000000000000 1.000000000000000000",
          "initialPose" : [
            -4.3711388286737929e-08,
            0,
            -1,
            0.39773440361022949,
            0,
            1,
            0,
            -0.41064336895942688,
            1,
            0,
            -4.3711388286737929e-08,
            -0.32116338610649109,
            0,
            0,
            0,
            1
          ],
          "resultPose" : [
            -0.18678300082683563,
            0.30486676096916199,
            -0.93389952182769775,
            0.33966639637947083,
            -0.00077805621549487114,
            0.95058327913284302,
            0.31046870350837708,
            -0.44991117715835571,
            0.98240089416503906,
            0.058716900646686554,
            -0.17731559276580811,
            -0.3111196756362915,
            0,
            0,
            0,
            1
          ],
          "residualError" : 0.00072579421679664074,
          "name" : "SynchronizedNosePosWatchingSupineRight"
        }
      ]
    },
    {
      "marker" : "http:\/\/dev.skia.site\/ardata\/v2_374\/1482\/4_4_HEAD.classic.obj",
      "selectedStep" : {
        "resultPose" : [
          -0.17190733551979065,
          0.58265203237533569,
          -0.79433274269104004,
          0.29250004887580872,
          0.0042223692871630192,
          0.80676496028900146,
          0.59085732698440552,
          -0.48602461814880371,
          0.98510366678237915,
          0.098218761384487152,
          -0.14114902913570404,
          -0.32062464952468872,
          0,
          0,
          0,
          1
        ],
        "resultPoseForCloudCompare" : "-0.171907335519790649 0.582652032375335693 -0.794332742691040039 0.292500048875808716 0.004222369287163019 0.806764960289001465 0.590857326984405518 -0.486024618148803711 0.985103666782379150 0.098218761384487152 -0.141149029135704041 -0.320624649524688721 0.000000000000000000 0.000000000000000000 0.000000000000000000 1.000000000000000000",
        "residualError" : 0.0011413046791384955,
        "name" : "BetweenEyes-RightEye-Nose",
        "initialPoseForCloudCompare" : "-0.208204060792922974 0.525106251239776611 -0.825175404548645020 0.270590841770172119 -0.059500522911548615 0.835301518440246582 0.546562850475311279 -0.467874288558959961 0.976273477077484131 0.162895023822784424 -0.142669126391410828 -0.324795901775360107 0.000000000000000000 0.000000000000000000 0.000000000000000000 1.000000000000000000",
        "initialPose" : [
          -0.20820406079292297,
          0.52510625123977661,
          -0.82517540454864502,
          0.27059084177017212,
          -0.059500522911548615,
          0.83530151844024658,
          0.54656285047531128,
          -0.46787428855895996,
          0.97627347707748413,
          0.16289502382278442,
          -0.14266912639141083,
          -0.32479590177536011,
          0,
          0,
          0,
          1
        ]
      },
      "results" : [
        {
          "resultPose" : [
            -0.17199471592903137,
            0.58358031511306763,
            -0.79363209009170532,
            0.2920488715171814,
            0.0031108628027141094,
            0.80595564842224121,
            0.59196794033050537,
            -0.48586192727088928,
            0.98509305715560913,
            0.099346466362476349,
            -0.14043550193309784,
            -0.32093092799186707,
            0,
            0,
            0,
            1
          ],
          "resultPoseForCloudCompare" : "-0.171994715929031372 0.583580315113067627 -0.793632090091705322 0.292048871517181396 0.003110862802714109 0.805955648422241211 0.591967940330505371 -0.485861927270889282 0.985093057155609131 0.099346466362476349 -0.140435501933097839 -0.320930927991867065 0.000000000000000000 0.000000000000000000 0.000000000000000000 1.000000000000000000",
          "residualError" : 0.0011461862745504264,
          "name" : "Nose-LeftEye-RightEye",
          "initialPoseForCloudCompare" : "-0.093714199960231781 0.538082659244537354 -0.837666273117065430 0.259436994791030884 -0.023263547569513321 0.839955866336822510 0.542155981063842773 -0.471796214580535889 0.995327413082122803 0.070294797420501709 -0.066198036074638367 -0.324088513851165771 0.000000000000000000 0.000000000000000000 0.000000000000000000 1.000000000000000000",
          "initialPose" : [
            -0.093714199960231781,
            0.53808265924453735,
            -0.83766627311706543,
            0.25943699479103088,
            -0.023263547569513321,
            0.83995586633682251,
            0.54215598106384277,
            -0.47179621458053589,
            0.9953274130821228,
            0.070294797420501709,
            -0.066198036074638367,
            -0.32408851385116577,
            0,
            0,
            0,
            1
          ]
        },
        {
          "resultPose" : [
            -0.17220169305801392,
            0.58207434415817261,
            -0.79469209909439087,
            0.29275119304656982,
            0.0025804208125919104,
            0.8070073127746582,
            0.59053552150726318,
            -0.48583191633224487,
            0.98505818843841553,
            0.099640600383281708,
            -0.14047004282474518,
            -0.32093542814254761,
            0,
            0,
            0,
            1
          ],
