{
  "selectedMarker" : {
    "marker" : "http:\/\/dev.skia.site\/ardata\/v2_374\/1482\/7_HEAD.with_ears.obj",
    "selectedStep" : {
      "resultPose" : [
        -0.99874234199523926,
        -0.04862574115395546,
        0.012187561020255089,
        0.3346346914768219,
        -0.020937779918313026,
        0.62552750110626221,
        0.77992093563079834,
        -0.46909222006797791,
        -0.045547943562269211,
        0.77868527173995972,
        -0.62575912475585938,
        -0.25963255763053894,
        0,
        0,
        0,
        1
      ],
      "resultPoseForCloudCompare" : "-0.998742341995239258 -0.048625741153955460 0.012187561020255089 0.334634691476821899 -0.020937779918313026 0.625527501106262207 0.779920935630798340 -0.469092220067977905 -0.045547943562269211 0.778685271739959717 -0.625759124755859375 -0.259632557630538940 0.000000000000000000 0.000000000000000000 0.000000000000000000 1.000000000000000000",
      "residualError" : 0.00064758999610314101,
      "name" : "BetweenEyes-RightEye-Nose",
      "initialPoseForCloudCompare" : "-0.864170193672180176 -0.480944097042083740 -0.147993370890617371 0.429754197597503662 -0.276926219463348389 0.208984822034835815 0.937889575958251953 -0.386700749397277832 -0.420144110918045044 0.851479887962341309 -0.313784599304199219 -0.285668551921844482 0.000000000000000000 0.000000000000000000 0.000000000000000000 1.000000000000000000",
      "initialPose" : [
        -0.86417019367218018,
        -0.48094409704208374,
        -0.14799337089061737,
        0.42975419759750366,
        -0.27692621946334839,
        0.20898482203483582,
        0.93788957595825195,
        -0.38670074939727783,
        -0.42014411091804504,
        0.85147988796234131,
        -0.31378459930419922,
        -0.28566855192184448,
        0,
        0,
        0,
        1
      ]
    },
    "results" : [
      {
        "resultPose" : [
          -0.99870830774307251,
          -0.049939729273319244,
          0.00937630794942379,
          0.33526208996772766,
          -0.02383887767791748,
          0.62346363067626953,
          0.78148871660232544,
          -0.46889179944992065,
          -0.044872976839542389,
          0.78025573492050171,
          -0.62384885549545288,
          -0.26018059253692627,
          0,
          0,
          0,
          1
        ],
        "resultPoseForCloudCompare" : "-0.998708307743072510 -0.049939729273319244 0.009376307949423790 0.335262089967727661 -0.023838877677917480 0.623463630676269531 0.781488716602325439 -0.468891799449920654 -0.044872976839542389 0.780255734920501709 -0.623848855495452881 -0.260180592536926270 0.000000000000000000 0.000000000000000000 0.000000000000000000 1.000000000000000000",
        "residualError" : 0.00066141756931556634,
        "name" : "Nose-LeftEye-RightEye",
        "initialPoseForCloudCompare" : "-0.994400918483734131 0.027348125353455544 -0.102073483169078827 0.335723698139190674 -0.066794447600841522 0.585835158824920654 0.807672858238220215 -0.464235246181488037 0.081886738538742065 0.809968590736389160 -0.580728411674499512 -0.284590214490890503 0.000000000000000000 0.000000000000000000 0.000000000000000000 1.000000000000000000",
        "initialPose" : [
          -0.99440091848373413,
          0.027348125353455544,
          -0.10207348316907883,
          0.33572369813919067,
          -0.066794447600841522,
          0.58583515882492065,
          0.80767285823822021,
          -0.46423524618148804,
          0.081886738538742065,
          0.80996859073638916,
          -0.58072841167449951,
          -0.2845902144908905,
          0,
          0,
          0,
          1
        ]
      },
      {
        "resultPose" : [
          -0.99868887662887573,
          -0.050322063267230988,
          0.0093676270917057991,
          0.33531966805458069,
          -0.024068260565400124,
          0.62317556142807007,
          0.78171133995056152,
          -0.468862384557724,
          -0.045175004750490189,
          0.78046113252639771,
          -0.62356984615325928,
          -0.26021689176559448,
          0,
          0,
          0,
          1
        ],
        "resultPoseForCloudCompare" : "-0.998688876628875732 -0.050322063267230988 0.009367627091705799 0.335319668054580688 -0.024068260565400124 0.623175561428070068 0.781711339950561523 -0.468862384557723999 -0.045175004750490189 0.780461132526397705 -0.623569846153259277 -0.260216891765594482 0.000000000000000000 0.000000000000000000 0.000000000000000000 1.000000000000000000",
        "residualError" : 0.00066167892040378028,
        "name" : "LeftEye-RightEye-Nose",
        "initialPoseForCloudCompare" : "-0.995031893253326416 -0.097394794225692749 0.020623901858925819 0.331607162952423096 -0.040496192872524261 0.585221290588378906 0.809861600399017334 -0.466925024986267090 -0.090945854783058167 0.805003106594085693 -0.586258113384246826 -0.267214655876159668 0.000000000000000000 0.000000000000000000 0.000000000000000000 1.000000000000000000",
        "initialPose" : [
          -0.99503189325332642,
          -0.097394794225692749,
          0.020623901858925819,
          0.3316071629524231,
          -0.040496192872524261,
          0.58522129058837891,
          0.80986160039901733,
          -0.46692502498626709,
          -0.090945854783058167,
          0.80500310659408569,
          -0.58625811338424683,
          -0.26721465587615967,
          0,
          0,
          0,
          1
        ]
      },
      {
        "resultPose" : [
          -0.9986879825592041,
          -0.050360791385173798,
          0.0092730158939957619,
          0.33533307909965515,
          -0.024177996441721916,
          0.62337303161621094,
          0.78155058622360229,
          -0.4688626229763031,
          -0.045140046626329422,
          0.78030133247375488,
          -0.62377297878265381,
          -0.26016101241111755,
          0,
          0,
          0,
          1
        ],
        "resultPoseForCloudCompare" : "-0.998687982559204102 -0.050360791385173798 0.009273015893995762 0.335333079099655151 -0.024177996441721916 0.623373031616210938 0.781550586223602295 -0.468862622976303101 -0.045140046626329422 0.780301332473754883 -0.623772978782653809 -0.260161012411117554 0.000000000000000000 0.000000000000000000 0.000000000000000000 1.000000000000000000",
        "residualError" : 0.00066113078497452148,
        "name" : "Nose-BetweenEyes-RightEye",
        "initialPoseForCloudCompare" : "-0.893794715404510498 -0.266764998435974121 -0.360509753227233887 0.436777651309967041 -0.429898858070373535 0.280663460493087769 0.858146190643310547 -0.364632129669189453 -0.127741441130638123 0.921989560127258301 -0.365537762641906738 -0.325003296136856079 0.000000000000000000 0.000000000000000000 0.000000000000000000 1.000000000000000000",
        "initialPose" : [
          -0.8937947154045105,
          -0.26676499843597412,
          -0.36050975322723389,
          0.43677765130996704,
          -0.42989885807037354,
          0.28066346049308777,
          0.85814619064331055,
          -0.36463212966918945,
          -0.12774144113063812,
          0.9219895601272583,
          -0.36553776264190674,
          -0.32500329613685608,
          0,
          0,
          0,
          1
        ]
      },
      {
        "resultPose" : [
          -0.99874234199523926,
          -0.04862574115395546,
          0.012187561020255089,
          0.3346346914768219,
          -0.020937779918313026,
          0.62552750110626221,
          0.77992093563079834,
          -0.46909222006797791,
          -0.045547943562269211,
          0.77868527173995972,
          -0.62575912475585938,
          -0.25963255763053894,
          0,
          0,
          0,
          1
        ],
        "resultPoseForCloudCompare" : "-0.998742341995239258 -0.048625741153955460 0.012187561020255089 0.334634691476821899 -0.020937779918313026 0.625527501106262207 0.779920935630798340 -0.469092220067977905 -0.045547943562269211 0.778685271739959717 -0.625759124755859375 -0.259632557630538940 0.000000000000000000 0.000000000000000000 0.000000000000000000 1.000000000000000000",
        "residualError" : 0.00064758999610314101,
        "name" : "BetweenEyes-RightEye-Nose",
        "initialPoseForCloudCompare" : "-0.864170193672180176 -0.480944097042083740 -0.147993370890617371 0.429754197597503662 -0.276926219463348389 0.208984822034835815 0.937889575958251953 -0.386700749397277832 -0.420144110918045044 0.851479887962341309 -0.313784599304199219 -0.285668551921844482 0.000000000000000000 0.000000000000000000 0.000000000000000000 1.000000000000000000",
        "initialPose" : [
          -0.86417019367218018,
          -0.48094409704208374,
          -0.14799337089061737,
          0.42975419759750366,
          -0.27692621946334839,
          0.20898482203483582,
          0.93788957595825195,
          -0.38670074939727783,
          -0.42014411091804504,
          0.85147988796234131,
          -0.31378459930419922,
          -0.28566855192184448,
          0,
          0,
          0,
          1
        ]
      },
      {
        "initialPoseForCloudCompare" : "-1.000000000000000000 -0.000000000000003821 -0.000000087422776573 0.323731929063796997 -0.000000087422776573 0.000000043711388287 1.000000000000000000 -0.377229928970336914 0.000000000000000000 1.000000000000000000 -0.000000043711388287 -0.423712015151977539 0.000000000000000000 0.000000000000000000 0.000000000000000000 1.000000000000000000",
        "angularError" : 38.647270202636719,
        "resultPoseForCloudCompare" : "-0.998718559741973877 -0.049551587551832199 0.010287593118846416 0.335062921047210693 -0.022920021787285805 0.624103486537933350 0.781005442142486572 -0.468959569931030273 -0.045120581984519958 0.779768884181976318 -0.624439418315887451 -0.260001033544540405 0.000000000000000000 0.000000000000000000 0.000000000000000000 1.000000000000000000",
        "initialPose" : [
          -1,
          -3.82137093032941e-15,
          -8.7422776573475858e-08,
          0.323731929063797,
          -8.7422776573475858e-08,
          4.3711388286737929e-08,
          1,
          -0.37722992897033691,
          0,
          1,
          -4.3711388286737929e-08,
          -0.42371201515197754,
          0,
          0,
          0,
          1
        ],
        "resultPose" : [
          -0.99871855974197388,
          -0.049551587551832199,
          0.010287593118846416,
          0.33506292104721069,
          -0.022920021787285805,
          0.62410348653793335,
          0.78100544214248657,
          -0.46895956993103027,
          -0.045120581984519958,
          0.77976888418197632,
          -0.62443941831588745,
          -0.26000103354454041,
          0,
          0,
          0,
          1
        ],
        "residualError" : 0.00065694483760266953,
        "name" : "SynchronizedNosePosWatchingStandingAnterior"
      }
    ]
  },
  "calculatedData" : {
    "clinicalTrialSubData" : [
      {
        "matchedMarkingCenters" : [

        ],
        "resultPosMatrix" : [

        ]
      },
      {
        "matchedMarkingCenters" : [

        ],
        "resultPosMatrix" : [

        ]
      },
      {
        "matchedMarkingCenters" : [

        ],
        "resultPosMatrix" : [

        ]
      },
      {
        "matchedMarkingCenters" : [

        ],
        "resultPosMatrix" : [

        ]
      }
    ],
    "pointsOfInterest" : {
      "markingCenterOfMass" : [

      ],
      "closestSkinPoint" : [

      ],
      "lesionCenterOfMass" : [

      ]
    },
    "clinicalTrialData" : {
      "matchedMarkingCenters" : [

      ],
      "resultPosMatrix" : [

      ]
    }
  },
  "elapsedTime" : 2.4841599464416504,
  "results" : [
    {
      "marker" : "http:\/\/dev.skia.site\/ardata\/v2_374\/1482\/6_HEAD.face_only.obj",
      "selectedStep" : {
        "resultPose" : [
          -0.99881285429000854,
          -0.0471612848341465,
          0.012178038246929646,
          0.33436977863311768,
          -0.020377662032842636,
          0.63168227672576904,
          0.77495932579040527,
          -0.46907550096511841,
          -0.044240731745958328,
          0.77379131317138672,
          -0.6318935751914978,
          -0.2578980028629303,
          0,
          0,
          0,
          1
        ],
        "resultPoseForCloudCompare" : "-0.998812854290008545 -0.047161284834146500 0.012178038246929646 0.334369778633117676 -0.020377662032842636 0.631682276725769043 0.774959325790405273 -0.469075500965118408 -0.044240731745958328 0.773791313171386719 -0.631893575191497803 -0.257898002862930298 0.000000000000000000 0.000000000000000000 0.000000000000000000 1.000000000000000000",
        "residualError" : 0.00098679809790994197,
        "name" : "LeftEye-RightEye-Nose",
        "initialPoseForCloudCompare" : "-0.995031893253326416 -0.097394794225692749 0.020623901858925819 0.331607162952423096 -0.040496192872524261 0.585221290588378906 0.809861600399017334 -0.466925024986267090 -0.090945854783058167 0.805003106594085693 -0.586258113384246826 -0.267214655876159668 0.000000000000000000 0.000000000000000000 0.000000000000000000 1.000000000000000000",
        "initialPose" : [
          -0.99503189325332642,
          -0.097394794225692749,
          0.020623901858925819,
          0.3316071629524231,
          -0.040496192872524261,
          0.58522129058837891,
          0.80986160039901733,
          -0.46692502498626709,
          -0.090945854783058167,
          0.80500310659408569,
          -0.58625811338424683,
          -0.26721465587615967,
          0,
          0,
          0,
          1
        ]
      },
      "results" : [
        {
          "resultPose" : [
            -0.9987984299659729,
            -0.047530010342597961,
            0.011949032545089722,
            0.33445543050765991,
            -0.020772183313965797,
            0.63139051198959351,
            0.77518665790557861,
            -0.46906647086143494,
            -0.044388990849256516,
            0.77400696277618408,
            -0.63161921501159668,
            -0.25794273614883423,
            0,
            0,
            0,
            1
          ],
          "resultPoseForCloudCompare" : "-0.998798429965972900 -0.047530010342597961 0.011949032545089722 0.334455430507659912 -0.020772183313965797 0.631390511989593506 0.775186657905578613 -0.469066470861434937 -0.044388990849256516 0.774006962776184082 -0.631619215011596680 -0.257942736148834229 0.000000000000000000 0.000000000000000000 0.000000000000000000 1.000000000000000000",
          "residualError" : 0.00099440951467186169,
          "name" : "Nose-LeftEye-RightEye",
          "initialPoseForCloudCompare" : "-0.994400918483734131 0.027348125353455544 -0.102073483169078827 0.335723698139190674 -0.066794447600841522 0.585835158824920654 0.807672858238220215 -0.464235246181488037 0.081886738538742065 0.809968590736389160 -0.580728411674499512 -0.284590214490890503 0.000000000000000000 0.000000000000000000 0.000000000000000000 1.000000000000000000",
          "initialPose" : [
            -0.99440091848373413,
            0.027348125353455544,
            -0.10207348316907883,
            0.33572369813919067,
            -0.066794447600841522,
            0.58583515882492065,
            0.80767285823822021,
            -0.46423524618148804,
            0.081886738538742065,
            0.80996859073638916,
            -0.58072841167449951,
            -0.2845902144908905,
            0,
            0,
            0,
            1
          ]
        },
        {
          "resultPose" : [
            -0.99881285429000854,
            -0.0471612848341465,
            0.012178038246929646,
            0.33436977863311768,
            -0.020377662032842636,
            0.63168227672576904,
            0.77495932579040527,
            -0.46907550096511841,
            -0.044240731745958328,
            0.77379131317138672,
            -0.6318935751914978,
            -0.2578980028629303,
            0,
            0,
            0,
            1
          ],
          "resultPoseForCloudCompare" : "-0.998812854290008545 -0.047161284834146500 0.012178038246929646 0.334369778633117676 -0.020377662032842636 0.631682276725769043 0.774959325790405273 -0.469075500965118408 -0.044240731745958328 0.773791313171386719 -0.631893575191497803 -0.257898002862930298 0.000000000000000000 0.000000000000000000 0.000000000000000000 1.000000000000000000",
          "residualError" : 0.00098679809790994197,
          "name" : "LeftEye-RightEye-Nose",
          "initialPoseForCloudCompare" : "-0.995031893253326416 -0.097394794225692749 0.020623901858925819 0.331607162952423096 -0.040496192872524261 0.585221290588378906 0.809861600399017334 -0.466925024986267090 -0.090945854783058167 0.805003106594085693 -0.586258113384246826 -0.267214655876159668 0.000000000000000000 0.000000000000000000 0.000000000000000000 1.000000000000000000",
          "initialPose" : [
            -0.99503189325332642,
            -0.097394794225692749,
            0.020623901858925819,
            0.3316071629524231,
            -0.040496192872524261,
            0.58522129058837891,
            0.80986160039901733,
            -0.46692502498626709,
            -0.090945854783058167,
            0.80500310659408569,
            -0.58625811338424683,
            -0.26721465587615967,
            0,
            0,
            0,
            1
          ]
        },
        {
          "resultPose" : [
            -0.99880248308181763,
            -0.047419175505638123,
            0.012036843225359917,
            0.33442604541778564,
            -0.020632922649383545,
            0.63137298822402954,
            0.77520465850830078,
            -0.46907296776771545,
            -0.044359296560287476,
            0.77402830123901367,
            -0.63159555196762085,
            -0.257953941822052,
            0,
            0,
            0,
            1
          ],
          "resultPoseForCloudCompare" : "-0.998802483081817627 -0.047419175505638123 0.012036843225359917 0.334426045417785645 -0.020632922649383545 0.631372988224029541 0.775204658508300781 -0.469072967767715454 -0.044359296560287476 0.774028301239013672 -0.631595551967620850 -0.257953941822052002 0.000000000000000000 0.000000000000000000 0.000000000000000000 1.000000000000000000",
          "residualError" : 0.00098774172604756418,
          "name" : "Nose-BetweenEyes-RightEye",
          "initialPoseForCloudCompare" : "-0.893794715404510498 -0.266764998435974121 -0.360509753227233887 0.436777651309967041 -0.429898858070373535 0.280663460493087769 0.858146190643310547 -0.364632129669189453 -0.127741441130638123 0.921989560127258301 -0.365537762641906738 -0.325003296136856079 0.000000000000000000 0.000000000000000000 0.000000000000000000 1.000000000000000000",
          "initialPose" : [
            -0.8937947154045105,
            -0.26676499843597412,
            -0.36050975322723389,
            0.43677765130996704,
            -0.42989885807037354,
            0.28066346049308777,
            0.85814619064331055,
            -0.36463212966918945,
            -0.12774144113063812,
            0.9219895601272583,
            -0.36553776264190674,
            -0.32500329613685608,
            0,
            0,
            0,
            1
          ]
        },
        {
          "resultPose" : [
            -0.99879813194274902,
            -0.047529321163892746,
            0.011940428055822849,
            0.33445727825164795,
            -0.020777633413672447,
            0.63137507438659668,
            0.77519899606704712,
            -0.46906515955924988,
            -0.044383630156517029,
            0.77401959896087646,
            -0.63160395622253418,
            -0.25794917345046997,
            0,
            0,
            0,
            1
          ],
          "resultPoseForCloudCompare" : "-0.998798131942749023 -0.047529321163892746 0.011940428055822849 0.334457278251647949 -0.020777633413672447 0.631375074386596680 0.775198996067047119 -0.469065159559249878 -0.044383630156517029 0.774019598960876465 -0.631603956222534180 -0.257949173450469971 0.000000000000000000 0.000000000000000000 0.000000000000000000 1.000000000000000000",
          "residualError" : 0.00099441992652178233,
          "name" : "BetweenEyes-RightEye-Nose",
          "initialPoseForCloudCompare" : "-0.864170193672180176 -0.480944097042083740 -0.147993370890617371 0.429754197597503662 -0.276926219463348389 0.208984822034835815 0.937889575958251953 -0.386700749397277832 -0.420144110918045044 0.851479887962341309 -0.313784599304199219 -0.285668551921844482 0.000000000000000000 0.000000000000000000 0.000000000000000000 1.000000000000000000",
          "initialPose" : [
            -0.86417019367218018,
            -0.48094409704208374,
            -0.14799337089061737,
            0.42975419759750366,
            -0.27692621946334839,
            0.20898482203483582,
            0.93788957595825195,
            -0.38670074939727783,
            -0.42014411091804504,
            0.85147988796234131,
            -0.31378459930419922,
            -0.28566855192184448,
            0,
            0,
            0,
            1
          ]
        },
        {
          "initialPoseForCloudCompare" : "-1.000000000000000000 -0.000000000000003821 -0.000000087422776573 0.323731929063796997 -0.000000087422776573 0.000000043711388287 1.000000000000000000 -0.377229928970336914 0.000000000000000000 1.000000000000000000 -0.000000043711388287 -0.423712015151977539 0.000000000000000000 0.000000000000000000 0.000000000000000000 1.000000000000000000",
          "angularError" : 39.165348052978516,
          "resultPoseForCloudCompare" : "-0.998785316944122314 -0.047874916344881058 0.011656930670142174 0.334552377462387085 -0.021206688135862350 0.631204366683959961 0.775326550006866455 -0.469031453132629395 -0.044476602226495743 0.774137616157531738 -0.631452918052673340 -0.257971346378326416 0.000000000000000000 0.000000000000000000 0.000000000000000000 1.000000000000000000",
          "initialPose" : [
            -1,
            -3.82137093032941e-15,
            -8.7422776573475858e-08,
            0.323731929063797,
            -8.7422776573475858e-08,
            4.3711388286737929e-08,
            1,
            -0.37722992897033691,
            0,
            1,
            -4.3711388286737929e-08,
            -0.42371201515197754,
            0,
            0,
            0,
            1
          ],
          "resultPose" : [
            -0.99878531694412231,
            -0.047874916344881058,
            0.011656930670142174,
            0.33455237746238708,
            -0.02120668813586235,
            0.63120436668395996,
            0.77532655000686646,
            -0.46903145313262939,
            -0.044476602226495743,
            0.77413761615753174,
            -0.63145291805267334,
            -0.25797134637832642,
            0,
            0,
            0,
            1
          ],
          "residualError" : 0.0009952780103189261,
          "name" : "SynchronizedNosePosWatchingStandingAnterior"
        }
      ]
    },
    {
      "marker" : "http:\/\/dev.skia.site\/ardata\/v2_374\/1482\/5_HEAD.default.obj",
      "selectedStep" : {
        "resultPose" : [
          -0.99880445003509521,
          -0.046987749636173248,
          0.013479356653988361,
          0.33415192365646362,
          -0.019051466137170792,
          0.62812107801437378,
          0.77788221836090088,
          -0.46945524215698242,
          -0.045017596334218979,
          0.77669578790664673,
          -0.62826555967330933,
          -0.25887161493301392,
          0,
          0,
          0,
          1
        ],
        "resultPoseForCloudCompare" : "-0.998804450035095215 -0.046987749636173248 0.013479356653988361 0.334151923656463623 -0.019051466137170792 0.628121078014373779 0.777882218360900879 -0.469455242156982422 -0.045017596334218979 0.776695787906646729 -0.628265559673309326 -0.258871614933013916 0.000000000000000000 0.000000000000000000 0.000000000000000000 1.000000000000000000",
        "residualError" : 0.00078096663401502865,
        "name" : "Nose-BetweenEyes-RightEye",
        "initialPoseForCloudCompare" : "-0.893794715404510498 -0.266764998435974121 -0.360509753227233887 0.436777651309967041 -0.429898858070373535 0.280663460493087769 0.858146190643310547 -0.364632129669189453 -0.127741441130638123 0.921989560127258301 -0.365537762641906738 -0.325003296136856079 0.000000000000000000 0.000000000000000000 0.000000000000000000 1.000000000000000000",
        "initialPose" : [
          -0.8937947154045105,
          -0.26676499843597412,
          -0.36050975322723389,
          0.43677765130996704,
          -0.42989885807037354,
          0.28066346049308777,
          0.85814619064331055,
          -0.36463212966918945,
          -0.12774144113063812,
          0.9219895601272583,
          -0.36553776264190674,
          -0.32500329613685608,
          0,
          0,
          0,
          1
        ]
      },
      "results" : [
        {
          "resultPose" : [
            -0.99876374006271362,
            -0.048415087163448334,
            0.011274639517068863,
            0.33471077680587769,
            -0.021585205569863319,
            0.62668848037719727,
            0.77897071838378906,
            -0.46928152441978455,
            -0.044779479503631592,
            0.77776437997817993,
            -0.62695884704589844,
            -0.25920036435127258,
            0,
            0,
            0,
            1
          ],
          "resultPoseForCloudCompare" : "-0.998763740062713623 -0.048415087163448334 0.011274639517068863 0.334710776805877686 -0.021585205569863319 0.626688480377197266 0.778970718383789062 -0.469281524419784546 -0.044779479503631592 0.777764379978179932 -0.626958847045898438 -0.259200364351272583 0.000000000000000000 0.000000000000000000 0.000000000000000000 1.000000000000000000",
          "residualError" : 0.00079288994549729728,
          "name" : "Nose-LeftEye-RightEye",
          "initialPoseForCloudCompare" : "-0.994400918483734131 0.027348125353455544 -0.102073483169078827 0.335723698139190674 -0.066794447600841522 0.585835158824920654 0.807672858238220215 -0.464235246181488037 0.081886738538742065 0.809968590736389160 -0.580728411674499512 -0.284590214490890503 0.000000000000000000 0.000000000000000000 0.000000000000000000 1.000000000000000000",
          "initialPose" : [
            -0.99440091848373413,
            0.027348125353455544,
            -0.10207348316907883,
            0.33572369813919067,
            -0.066794447600841522,
            0.58583515882492065,
            0.80767285823822021,
            -0.46423524618148804,
            0.081886738538742065,
            0.80996859073638916,
            -0.58072841167449951,
            -0.2845902144908905,
            0,
            0,
            0,
            1
          ]
        },
        {
          "resultPose" : [
            -0.998790442943573,
            -0.047571770846843719,
            0.012417287565767765,
            0.33440592885017395,
            -0.020201278850436211,
            0.62733680009841919,
            0.77848583459854126,
            -0.46937692165374756,
            -0.044823773205280304,
            0.77729350328445435,
            -0.62753915786743164,
            -0.25906676054000854,
            0,
            0,
            0,
            1
          ],
          "resultPoseForCloudCompare" : "-0.998790442943572998 -0.047571770846843719 0.012417287565767765 0.334405928850173950 -0.020201278850436211 0.627336800098419189 0.778485834598541260 -0.469376921653747559 -0.044823773205280304 0.777293503284454346 -0.627539157867431641 -0.259066760540008545 0.000000000000000000 0.000000000000000000 0.000000000000000000 1.000000000000000000",
          "residualError" : 0.00078649157226615119,
          "name" : "LeftEye-RightEye-Nose",
          "initialPoseForCloudCompare" : "-0.995031893253326416 -0.097394794225692749 0.020623901858925819 0.331607162952423096 -0.040496192872524261 0.585221290588378906 0.809861600399017334 -0.466925024986267090 -0.090945854783058167 0.805003106594085693 -0.586258113384246826 -0.267214655876159668 0.000000000000000000 0.000000000000000000 0.000000000000000000 1.000000000000000000",
          "initialPose" : [
            -0.99503189325332642,
            -0.097394794225692749,
            0.020623901858925819,
            0.3316071629524231,
            -0.040496192872524261,
            0.58522129058837891,
            0.80986160039901733,
            -0.46692502498626709,
            -0.090945854783058167,
            0.80500310659408569,
            -0.58625811338424683,
            -0.26721465587615967,
            0,
            0,
            0,
            1
          ]
        },
        {
          "resultPose" : [
            -0.99880445003509521,
            -0.046987749636173248,
            0.013479356653988361,
            0.33415192365646362,
            -0.019051466137170792,
            0.62812107801437378,
            0.77788221836090088,
            -0.46945524215698242,
            -0.045017596334218979,
            0.77669578790664673,
            -0.62826555967330933,
            -0.25887161493301392,
            0,
            0,
            0,
            1
          ],
          "resultPoseForCloudCompare" : "-0.998804450035095215 -0.046987749636173248 0.013479356653988361 0.334151923656463623 -0.019051466137170792 0.628121078014373779 0.777882218360900879 -0.469455242156982422 -0.045017596334218979 0.776695787906646729 -0.628265559673309326 -0.258871614933013916 0.000000000000000000 0.000000000000000000 0.000000000000000000 1.000000000000000000",
          "residualError" : 0.00078096663401502865,
          "name" : "Nose-BetweenEyes-RightEye",
          "initialPoseForCloudCompare" : "-0.893794715404510498 -0.266764998435974121 -0.360509753227233887 0.436777651309967041 -0.429898858070373535 0.280663460493087769 0.858146190643310547 -0.364632129669189453 -0.127741441130638123 0.921989560127258301 -0.365537762641906738 -0.325003296136856079 0.000000000000000000 0.000000000000000000 0.000000000000000000 1.000000000000000000",
          "initialPose" : [
            -0.8937947154045105,
            -0.26676499843597412,
            -0.36050975322723389,
            0.43677765130996704,
            -0.42989885807037354,
            0.28066346049308777,
            0.85814619064331055,
            -0.36463212966918945,
            -0.12774144113063812,
            0.9219895601272583,
            -0.36553776264190674,
            -0.32500329613685608,
            0,
            0,
            0,
            1
          ]
        },
        {
          "resultPose" : [
            -0.99876576662063599,
            -0.048355571925640106,
            0.011311987414956093,
            0.33469679951667786,
            -0.021522104740142822,
            0.62674671411514282,
            0.77892559766769409,
            -0.46927914023399353,
            -0.044755201786756516,
            0.77772116661071777,
            -0.62701404094696045,
            -0.25919154286384583,
            0,
            0,
            0,
            1
          ],
          "resultPoseForCloudCompare" : "-0.998765766620635986 -0.048355571925640106 0.011311987414956093 0.334696799516677856 -0.021522104740142822 0.626746714115142822 0.778925597667694092 -0.469279140233993530 -0.044755201786756516 0.777721166610717773 -0.627014040946960449 -0.259191542863845825 0.000000000000000000 0.000000000000000000 0.000000000000000000 1.000000000000000000",
          "residualError" : 0.00079179149495352155,
          "name" : "BetweenEyes-RightEye-Nose",
          "initialPoseForCloudCompare" : "-0.864170193672180176 -0.480944097042083740 -0.147993370890617371 0.429754197597503662 -0.276926219463348389 0.208984822034835815 0.937889575958251953 -0.386700749397277832 -0.420144110918045044 0.851479887962341309 -0.313784599304199219 -0.285668551921844482 0.000000000000000000 0.000000000000000000 0.000000000000000000 1.000000000000000000",
          "initialPose" : [
            -0.86417019367218018,
            -0.48094409704208374,
            -0.14799337089061737,
            0.42975419759750366,
            -0.27692621946334839,
            0.20898482203483582,
            0.93788957595825195,
            -0.38670074939727783,
            -0.42014411091804504,
            0.85147988796234131,
            -0.31378459930419922,
            -0.28566855192184448,
            0,
            0,
            0,
            1
          ]
        },
        {
          "initialPoseForCloudCompare" : "-1.000000000000000000 -0.000000000000003821 -0.000000087422776573 0.323731929063796997 -0.000000087422776573 0.000000043711388287 1.000000000000000000 -0.377229928970336914 0.000000000000000000 1.000000000000000000 -0.000000043711388287 -0.423712015151977539 0.000000000000000000 0.000000000000000000 0.000000000000000000 1.000000000000000000",
          "angularError" : 38.881595611572266,
          "resultPoseForCloudCompare" : "-0.998781979084014893 -0.047817811369895935 0.012165849097073078 0.334482431411743164 -0.020554360002279282 0.627376437187194824 0.778444826602935791 -0.469342768192291260 -0.044856093823909760 0.777246594429016113 -0.627595126628875732 -0.259044498205184937 0.000000000000000000 0.000000000000000000 0.000000000000000000 1.000000000000000000",
          "initialPose" : [
            -1,
            -3.82137093032941e-15,
            -8.7422776573475858e-08,
            0.323731929063797,
            -8.7422776573475858e-08,
            4.3711388286737929e-08,
            1,
            -0.37722992897033691,
            0,
            1,
            -4.3711388286737929e-08,
            -0.42371201515197754,
            0,
            0,
            0,
            1
          ],
          "resultPose" : [
            -0.99878197908401489,
            -0.047817811369895935,
            0.012165849097073078,
            0.33448243141174316,
            -0.020554360002279282,
            0.62737643718719482,
            0.77844482660293579,
            -0.46934276819229126,
            -0.04485609382390976,
            0.77724659442901611,
            -0.62759512662887573,
            -0.25904449820518494,
            0,
            0,
            0,
            1
          ],
          "residualError" : 0.00078995199615191085,
          "name" : "SynchronizedNosePosWatchingStandingAnterior"
        }
      ]
    },
    {
      "marker" : "http:\/\/dev.skia.site\/ardata\/v2_374\/1482\/4_4_HEAD.classic.obj",
      "selectedStep" : {
        "resultPose" : [
          -0.99874401092529297,
          -0.048385106027126312,
          0.012993026524782181,
          0.33445185422897339,
          -0.020339224487543106,
          0.62860661745071411,
          0.77745723724365234,
          -0.46898207068443298,
          -0.045784853398799896,
          0.77621668577194214,
          -0.62880134582519531,
          -0.25877448916435242,
          0,
          0,
          0,
          1
        ],
        "resultPoseForCloudCompare" : "-0.998744010925292969 -0.048385106027126312 0.012993026524782181 0.334451854228973389 -0.020339224487543106 0.628606617450714111 0.777457237243652344 -0.468982070684432983 -0.045784853398799896 0.776216685771942139 -0.628801345825195312 -0.258774489164352417 0.000000000000000000 0.000000000000000000 0.000000000000000000 1.000000000000000000",
        "residualError" : 0.00068717809790156781,
        "name" : "LeftEye-RightEye-Nose",
        "initialPoseForCloudCompare" : "-0.995031893253326416 -0.097394794225692749 0.020623901858925819 0.331607162952423096 -0.040496192872524261 0.585221290588378906 0.809861600399017334 -0.466925024986267090 -0.090945854783058167 0.805003106594085693 -0.586258113384246826 -0.267214655876159668 0.000000000000000000 0.000000000000000000 0.000000000000000000 1.000000000000000000",
        "initialPose" : [
          -0.99503189325332642,
          -0.097394794225692749,
          0.020623901858925819,
          0.3316071629524231,
          -0.040496192872524261,
          0.58522129058837891,
          0.80986160039901733,
          -0.46692502498626709,
          -0.090945854783058167,
          0.80500310659408569,
          -0.58625811338424683,
          -0.26721465587615967,
          0,
          0,
          0,
          1
        ]
      },
      "results" : [
        {
          "resultPose" : [
            -0.99874228239059448,
            -0.048478737473487854,
            0.012796527706086636,
            0.33450701832771301,
            -0.020485009998083115,
            0.6274833083152771,
            0.77836036682128906,
            -0.4690154492855072,
            -0.045763392001390457,
            0.77711927890777588,
            -0.62768727540969849,
            -0.25907239317893982,
            0,
            0,
            0,
            1
          ],
          "resultPoseForCloudCompare" : "-0.998742282390594482 -0.048478737473487854 0.012796527706086636 0.334507018327713013 -0.020485009998083115 0.627483308315277100 0.778360366821289062 -0.469015449285507202 -0.045763392001390457 0.777119278907775879 -0.627687275409698486 -0.259072393178939819 0.000000000000000000 0.000000000000000000 0.000000000000000000 1.000000000000000000",
          "residualError" : 0.00069204969191471576,
          "name" : "Nose-LeftEye-RightEye",
          "initialPoseForCloudCompare" : "-0.994400918483734131 0.027348125353455544 -0.102073483169078827 0.335723698139190674 -0.066794447600841522 0.585835158824920654 0.807672858238220215 -0.464235246181488037 0.081886738538742065 0.809968590736389160 -0.580728411674499512 -0.284590214490890503 0.000000000000000000 0.000000000000000000 0.000000000000000000 1.000000000000000000",
          "initialPose" : [
            -0.99440091848373413,
            0.027348125353455544,
            -0.10207348316907883,
            0.33572369813919067,
            -0.066794447600841522,
            0.58583515882492065,
            0.80767285823822021,
            -0.46423524618148804,
            0.081886738538742065,
            0.80996859073638916,
            -0.58072841167449951,
            -0.2845902144908905,
            0,
            0,
            0,
            1
          ]
        },
        {
          "resultPose" : [
            -0.99874401092529297,
            -0.048385106027126312,
            0.012993026524782181,
            0.33445185422897339,
            -0.020339224487543106,
            0.62860661745071411,
            0.77745723724365234,
            -0.46898207068443298,
            -0.045784853398799896,
            0.77621668577194214,
            -0.62880134582519531,
            -0.25877448916435242,
            0,
            0,
            0,
            1
