{
  "selectedMarker" : {
    "marker" : "http:\/\/asmc.skia.site\/ardata\/v2_65\/260\/3_HEAD.with_ears.obj",
    "selectedStep" : {
      "initialPoseForCloudCompare" : "-0.000000043711388287 0.000000000000000000 1.000000000000000000 0.130500018596649170 0.000000000000000000 1.000000000000000000 0.000000000000000000 -0.179533585906028748 -1.000000000000000000 0.000000000000000000 -0.000000043711388287 -0.112978011369705200 0.000000000000000000 0.000000000000000000 0.000000000000000000 1.000000000000000000",
      "angularError" : 1.65894615650177,
      "resultPoseForCloudCompare" : "0.237676560878753662 -0.001370035344734788 0.971343398094177246 0.138497307896614075 -0.027764676138758659 0.999580800533294678 0.008203560486435890 -0.357632011175155640 -0.970947444438934326 -0.028918828815221786 0.237538903951644897 -0.118669636547565460 0.000000000000000000 0.000000000000000000 0.000000000000000000 1.000000000000000000",
      "initialPose" : [
        -4.3711388286737929e-08,
        0,
        1,
        0.13050001859664917,
        0,
        1,
        0,
        -0.17953358590602875,
        -1,
        0,
        -4.3711388286737929e-08,
        -0.1129780113697052,
        0,
        0,
        0,
        1
      ],
      "resultPose" : [
        0.23767656087875366,
        -0.0013700353447347879,
        0.97134339809417725,
        0.13849730789661407,
        -0.027764676138758659,
        0.99958080053329468,
        0.0082035604864358902,
        -0.35763201117515564,
        -0.97094744443893433,
        -0.028918828815221786,
        0.2375389039516449,
        -0.11866963654756546,
        0,
        0,
        0,
        1
      ],
      "residualError" : 0.00061112376803764106,
      "name" : "SceneTopPosWatchingSupineLeft"
    },
    "results" : [
      {
        "initialPoseForCloudCompare" : "-0.000000043711388287 0.000000000000000000 1.000000000000000000 0.130500018596649170 0.000000000000000000 1.000000000000000000 0.000000000000000000 -0.326557815074920654 -1.000000000000000000 0.000000000000000000 -0.000000043711388287 -0.112978011369705200 0.000000000000000000 0.000000000000000000 0.000000000000000000 1.000000000000000000",
        "angularError" : 1.0225902795791626,
        "resultPoseForCloudCompare" : "0.223693087697029114 0.017392415553331375 0.974504470825195312 0.138739854097366333 -0.007794909644871950 0.999840736389160156 -0.016055315732955933 -0.357667267322540283 -0.974628448486328125 -0.004004710819572210 0.223793029785156250 -0.119315259158611298 0.000000000000000000 0.000000000000000000 0.000000000000000000 1.000000000000000000",
        "initialPose" : [
          -4.3711388286737929e-08,
          0,
          1,
          0.13050001859664917,
          0,
          1,
          0,
          -0.32655781507492065,
          -1,
          0,
          -4.3711388286737929e-08,
          -0.1129780113697052,
          0,
          0,
          0,
          1
        ],
        "resultPose" : [
          0.22369308769702911,
          0.017392415553331375,
          0.97450447082519531,
          0.13873985409736633,
          -0.0077949096448719501,
          0.99984073638916016,
          -0.016055315732955933,
          -0.35766726732254028,
          -0.97462844848632812,
          -0.0040047108195722103,
          0.22379302978515625,
          -0.1193152591586113,
          0,
          0,
          0,
          1
        ],
        "residualError" : 0.00063487432006569054,
        "name" : "SceneCenterPosWatchingSupineLeft"
      },
      {
        "initialPoseForCloudCompare" : "-0.000000043711388287 0.000000000000000000 1.000000000000000000 0.130500018596649170 0.000000000000000000 1.000000000000000000 0.000000000000000000 -0.179533585906028748 -1.000000000000000000 0.000000000000000000 -0.000000043711388287 -0.112978011369705200 0.000000000000000000 0.000000000000000000 0.000000000000000000 1.000000000000000000",
        "angularError" : 1.65894615650177,
        "resultPoseForCloudCompare" : "0.237676560878753662 -0.001370035344734788 0.971343398094177246 0.138497307896614075 -0.027764676138758659 0.999580800533294678 0.008203560486435890 -0.357632011175155640 -0.970947444438934326 -0.028918828815221786 0.237538903951644897 -0.118669636547565460 0.000000000000000000 0.000000000000000000 0.000000000000000000 1.000000000000000000",
        "initialPose" : [
          -4.3711388286737929e-08,
          0,
          1,
          0.13050001859664917,
          0,
          1,
          0,
          -0.17953358590602875,
          -1,
          0,
          -4.3711388286737929e-08,
          -0.1129780113697052,
          0,
          0,
          0,
          1
        ],
        "resultPose" : [
          0.23767656087875366,
          -0.0013700353447347879,
          0.97134339809417725,
          0.13849730789661407,
          -0.027764676138758659,
          0.99958080053329468,
          0.0082035604864358902,
          -0.35763201117515564,
          -0.97094744443893433,
          -0.028918828815221786,
          0.2375389039516449,
          -0.11866963654756546,
          0,
          0,
          0,
          1
        ],
        "residualError" : 0.00061112376803764106,
        "name" : "SceneTopPosWatchingSupineLeft"
      },
      {
        "initialPoseForCloudCompare" : "-0.000000043711388287 0.000000000000000000 1.000000000000000000 0.132500052452087402 0.000000000000000000 1.000000000000000000 0.000000000000000000 -0.358070015907287598 -1.000000000000000000 0.000000000000000000 -0.000000043711388287 -0.114978000521659851 0.000000000000000000 0.000000000000000000 0.000000000000000000 1.000000000000000000",
        "angularError" : 1.3144756555557251,
        "resultPoseForCloudCompare" : "0.220891728997230530 0.022492280229926109 0.975038945674896240 0.138981744647026062 -0.009370641782879829 0.999736845493316650 -0.020939126610755920 -0.357338488101959229 -0.975253343582153320 -0.004511461127549410 0.221044361591339111 -0.118995405733585358 0.000000000000000000 0.000000000000000000 0.000000000000000000 1.000000000000000000",
        "initialPose" : [
          -4.3711388286737929e-08,
          0,
          1,
          0.1325000524520874,
          0,
          1,
          0,
          -0.3580700159072876,
          -1,
          0,
          -4.3711388286737929e-08,
          -0.11497800052165985,
          0,
          0,
          0,
          1
        ],
        "resultPose" : [
          0.22089172899723053,
          0.022492280229926109,
          0.97503894567489624,
          0.13898174464702606,
          -0.0093706417828798294,
          0.99973684549331665,
          -0.02093912661075592,
          -0.35733848810195923,
          -0.97525334358215332,
          -0.0045114611275494099,
          0.22104436159133911,
          -0.11899540573358536,
          0,
          0,
          0,
          1
        ],
        "residualError" : 0.00062076033964503967,
        "name" : "AimPosWatchingSupineLeft"
      }
    ]
  },
  "calculatedData" : {
    "clinicalTrialSubData" : [
      {
        "matchedMarkingCenters" : [

        ],
        "resultPosMatrix" : [

        ]
      },
      {
        "matchedMarkingCenters" : [

        ],
        "resultPosMatrix" : [

        ]
      },
      {
        "matchedMarkingCenters" : [

        ],
        "resultPosMatrix" : [

        ]
      },
      {
        "matchedMarkingCenters" : [

        ],
        "resultPosMatrix" : [

        ]
      }
    ],
    "pointsOfInterest" : {
      "markingCenterOfMass" : [

      ],
      "closestSkinPoint" : [

      ],
      "lesionCenterOfMass" : [

      ]
    },
    "clinicalTrialData" : {
      "matchedMarkingCenters" : [

      ],
      "resultPosMatrix" : [

      ]
    }
  },
  "elapsedTime" : 2.1009429693222046,
  "results" : [
    {
      "marker" : "http:\/\/asmc.skia.site\/ardata\/v2_65\/260\/1_HEAD.default.obj",
      "selectedStep" : {
        "initialPoseForCloudCompare" : "-0.000000043711388287 0.000000000000000000 1.000000000000000000 0.130500018596649170 0.000000000000000000 1.000000000000000000 0.000000000000000000 -0.326557815074920654 -1.000000000000000000 0.000000000000000000 -0.000000043711388287 -0.112978011369705200 0.000000000000000000 0.000000000000000000 0.000000000000000000 1.000000000000000000",
        "angularError" : 1.8913438320159912,
        "resultPoseForCloudCompare" : "0.232496097683906555 0.012643926776945591 0.972515165805816650 0.138578578829765320 -0.032592676579952240 0.999455153942108154 -0.005202353931963444 -0.356673568487167358 -0.972051084041595459 -0.030487343668937683 0.232781529426574707 -0.118097677826881409 0.000000000000000000 0.000000000000000000 0.000000000000000000 1.000000000000000000",
        "initialPose" : [
          -4.3711388286737929e-08,
          0,
          1,
          0.13050001859664917,
          0,
          1,
          0,
          -0.32655781507492065,
          -1,
          0,
          -4.3711388286737929e-08,
          -0.1129780113697052,
          0,
          0,
          0,
          1
        ],
        "resultPose" : [
          0.23249609768390656,
          0.012643926776945591,
          0.97251516580581665,
          0.13857857882976532,
          -0.03259267657995224,
          0.99945515394210815,
          -0.0052023539319634438,
          -0.35667356848716736,
          -0.97205108404159546,
          -0.030487343668937683,
          0.23278152942657471,
          -0.11809767782688141,
          0,
          0,
          0,
          1
        ],
        "residualError" : 0.00061617636061817819,
        "name" : "SceneCenterPosWatchingSupineLeft"
      },
      "results" : [
        {
          "initialPoseForCloudCompare" : "-0.000000043711388287 0.000000000000000000 1.000000000000000000 0.130500018596649170 0.000000000000000000 1.000000000000000000 0.000000000000000000 -0.326557815074920654 -1.000000000000000000 0.000000000000000000 -0.000000043711388287 -0.112978011369705200 0.000000000000000000 0.000000000000000000 0.000000000000000000 1.000000000000000000",
          "angularError" : 1.8913438320159912,
          "resultPoseForCloudCompare" : "0.232496097683906555 0.012643926776945591 0.972515165805816650 0.138578578829765320 -0.032592676579952240 0.999455153942108154 -0.005202353931963444 -0.356673568487167358 -0.972051084041595459 -0.030487343668937683 0.232781529426574707 -0.118097677826881409 0.000000000000000000 0.000000000000000000 0.000000000000000000 1.000000000000000000",
          "initialPose" : [
            -4.3711388286737929e-08,
            0,
            1,
            0.13050001859664917,
            0,
            1,
            0,
            -0.32655781507492065,
            -1,
            0,
            -4.3711388286737929e-08,
            -0.1129780113697052,
            0,
            0,
            0,
            1
          ],
          "resultPose" : [
            0.23249609768390656,
            0.012643926776945591,
            0.97251516580581665,
            0.13857857882976532,
            -0.03259267657995224,
            0.99945515394210815,
            -0.0052023539319634438,
            -0.35667356848716736,
            -0.97205108404159546,
            -0.030487343668937683,
            0.23278152942657471,
            -0.11809767782688141,
            0,
            0,
            0,
            1
          ],
          "residualError" : 0.00061617636061817819,
          "name" : "SceneCenterPosWatchingSupineLeft"
        },
        {
          "initialPoseForCloudCompare" : "-0.000000043711388287 0.000000000000000000 1.000000000000000000 0.130500018596649170 0.000000000000000000 1.000000000000000000 0.000000000000000000 -0.179533585906028748 -1.000000000000000000 0.000000000000000000 -0.000000043711388287 -0.112978011369705200 0.000000000000000000 0.000000000000000000 0.000000000000000000 1.000000000000000000",
          "angularError" : 43.168361663818359,
          "resultPoseForCloudCompare" : "-0.073427848517894745 -0.627940416336059570 0.774789750576019287 0.202582210302352905 0.291852653026580811 0.729346513748168945 0.618769466876983643 -0.403003960847854614 -0.953640580177307129 0.271559357643127441 0.129711732268333435 -0.138152062892913818 0.000000000000000000 0.000000000000000000 0.000000000000000000 1.000000000000000000",
          "initialPose" : [
            -4.3711388286737929e-08,
            0,
            1,
            0.13050001859664917,
            0,
            1,
            0,
            -0.17953358590602875,
            -1,
            0,
            -4.3711388286737929e-08,
            -0.1129780113697052,
            0,
            0,
            0,
            1
          ],
          "resultPose" : [
            -0.073427848517894745,
            -0.62794041633605957,
            0.77478975057601929,
            0.20258221030235291,
            0.29185265302658081,
            0.72934651374816895,
            0.61876946687698364,
            -0.40300396084785461,
            -0.95364058017730713,
            0.27155935764312744,
            0.12971173226833344,
            -0.13815206289291382,
            0,
            0,
            0,
            1
          ],
          "residualError" : 0.0010361341823026107,
          "name" : "SceneTopPosWatchingSupineLeft"
        },
        {
          "initialPoseForCloudCompare" : "-0.000000043711388287 0.000000000000000000 1.000000000000000000 0.132500052452087402 0.000000000000000000 1.000000000000000000 0.000000000000000000 -0.358070015907287598 -1.000000000000000000 0.000000000000000000 -0.000000043711388287 -0.114978000521659851 0.000000000000000000 0.000000000000000000 0.000000000000000000 1.000000000000000000",
          "angularError" : 1.8144519329071045,
          "resultPoseForCloudCompare" : "0.223058253526687622 0.024614078924059868 0.974494338035583496 0.138540178537368774 -0.024911226704716682 0.999498605728149414 -0.019543554633855820 -0.356183379888534546 -0.974486768245697021 -0.019916497170925140 0.223559588193893433 -0.118010774254798889 0.000000000000000000 0.000000000000000000 0.000000000000000000 1.000000000000000000",
          "initialPose" : [
            -4.3711388286737929e-08,
            0,
            1,
            0.1325000524520874,
            0,
            1,
            0,
            -0.3580700159072876,
            -1,
            0,
            -4.3711388286737929e-08,
            -0.11497800052165985,
            0,
            0,
            0,
            1
          ],
          "resultPose" : [
            0.22305825352668762,
            0.024614078924059868,
            0.9744943380355835,
            0.13854017853736877,
            -0.024911226704716682,
            0.99949860572814941,
            -0.01954355463385582,
            -0.35618337988853455,
            -0.97448676824569702,
            -0.01991649717092514,
            0.22355958819389343,
            -0.11801077425479889,
            0,
            0,
            0,
            1
          ],
          "residualError" : 0.00062142091186052277,
          "name" : "AimPosWatchingSupineLeft"
        }
      ]
    },
    {
      "marker" : "http:\/\/asmc.skia.site\/ardata\/v2_65\/260\/2_HEAD.face_only.obj",
      "selectedStep" : {
        "initialPoseForCloudCompare" : "-0.000000043711388287 0.000000000000000000 1.000000000000000000 0.130500018596649170 0.000000000000000000 1.000000000000000000 0.000000000000000000 -0.179533585906028748 -1.000000000000000000 0.000000000000000000 -0.000000043711388287 -0.112978011369705200 0.000000000000000000 0.000000000000000000 0.000000000000000000 1.000000000000000000",
        "angularError" : 2.0999362468719482,
        "resultPoseForCloudCompare" : "0.198977023363113403 0.029649527743458748 0.979555547237396240 0.139945745468139648 -0.027010334655642509 0.999328434467315674 -0.024761414155364037 -0.355568617582321167 -0.979631841182708740 -0.021531170234084129 0.199644237756729126 -0.115839578211307526 0.000000000000000000 0.000000000000000000 0.000000000000000000 1.000000000000000000",
        "initialPose" : [
          -4.3711388286737929e-08,
          0,
          1,
          0.13050001859664917,
          0,
          1,
          0,
          -0.17953358590602875,
          -1,
          0,
          -4.3711388286737929e-08,
          -0.1129780113697052,
          0,
          0,
          0,
          1
        ],
        "resultPose" : [
          0.1989770233631134,
          0.029649527743458748,
          0.97955554723739624,
          0.13994574546813965,
          -0.027010334655642509,
          0.99932843446731567,
          -0.024761414155364037,
          -0.35556861758232117,
          -0.97963184118270874,
          -0.021531170234084129,
          0.19964423775672913,
          -0.11583957821130753,
          0,
          0,
          0,
          1
        ],
        "residualError" : 0.00072617942266203024,
        "name" : "SceneTopPosWatchingSupineLeft"
      },
      "results" : [
        {
          "initialPoseForCloudCompare" : "-0.000000043711388287 0.000000000000000000 1.000000000000000000 0.130500018596649170 0.000000000000000000 1.000000000000000000 0.000000000000000000 -0.326557815074920654 -1.000000000000000000 0.000000000000000000 -0.000000043711388287 -0.112978011369705200 0.000000000000000000 0.000000000000000000 0.000000000000000000 1.000000000000000000",
          "angularError" : 1.935731053352356,
          "resultPoseForCloudCompare" : "0.211279824376106262 0.026977516710758209 0.977053225040435791 0.139466926455497742 -0.025578022003173828 0.999429285526275635 -0.022064303979277611 -0.355914592742919922 -0.977090895175933838 -0.020329346880316734 0.211849272251129150 -0.117124594748020172 0.000000000000000000 0.000000000000000000 0.000000000000000000 1.000000000000000000",
          "initialPose" : [
            -4.3711388286737929e-08,
            0,
            1,
            0.13050001859664917,
            0,
            1,
            0,
            -0.32655781507492065,
            -1,
            0,
            -4.3711388286737929e-08,
            -0.1129780113697052,
            0,
            0,
            0,
            1
          ],
          "resultPose" : [
            0.21127982437610626,
            0.026977516710758209,
            0.97705322504043579,
            0.13946692645549774,
            -0.025578022003173828,
            0.99942928552627563,
            -0.022064303979277611,
            -0.35591459274291992,
            -0.97709089517593384,
            -0.020329346880316734,
            0.21184927225112915,
            -0.11712459474802017,
            0,
            0,
            0,
            1
          ],
          "residualError" : 0.00072679506406489556,
          "name" : "SceneCenterPosWatchingSupineLeft"
        },
        {
          "initialPoseForCloudCompare" : "-0.000000043711388287 0.000000000000000000 1.000000000000000000 0.130500018596649170 0.000000000000000000 1.000000000000000000 0.000000000000000000 -0.179533585906028748 -1.000000000000000000 0.000000000000000000 -0.000000043711388287 -0.112978011369705200 0.000000000000000000 0.000000000000000000 0.000000000000000000 1.000000000000000000",
          "angularError" : 2.0999362468719482,
          "resultPoseForCloudCompare" : "0.198977023363113403 0.029649527743458748 0.979555547237396240 0.139945745468139648 -0.027010334655642509 0.999328434467315674 -0.024761414155364037 -0.355568617582321167 -0.979631841182708740 -0.021531170234084129 0.199644237756729126 -0.115839578211307526 0.000000000000000000 0.000000000000000000 0.000000000000000000 1.000000000000000000",
          "initialPose" : [
            -4.3711388286737929e-08,
            0,
            1,
            0.13050001859664917,
            0,
            1,
            0,
            -0.17953358590602875,
            -1,
            0,
            -4.3711388286737929e-08,
            -0.1129780113697052,
            0,
            0,
            0,
            1
          ],
          "resultPose" : [
            0.1989770233631134,
            0.029649527743458748,
            0.97955554723739624,
            0.13994574546813965,
            -0.027010334655642509,
            0.99932843446731567,
            -0.024761414155364037,
            -0.35556861758232117,
            -0.97963184118270874,
            -0.021531170234084129,
            0.19964423775672913,
            -0.11583957821130753,
            0,
            0,
            0,
            1
          ],
          "residualError" : 0.00072617942266203024,
          "name" : "SceneTopPosWatchingSupineLeft"
        },
        {
          "initialPoseForCloudCompare" : "-0.000000043711388287 0.000000000000000000 1.000000000000000000 0.132500052452087402 0.000000000000000000 1.000000000000000000 0.000000000000000000 -0.358070015907287598 -1.000000000000000000 0.000000000000000000 -0.000000043711388287 -0.114978000521659851 0.000000000000000000 0.000000000000000000 0.000000000000000000 1.000000000000000000",
          "angularError" : 1.7463003396987915,
          "resultPoseForCloudCompare" : "0.238642930984497070 0.014728989452123642 0.970995664596557617 0.138449355959892273 -0.029423097148537636 0.999535560607910156 -0.007930555380880833 -0.356649994850158691 -0.970661520957946777 -0.026677129790186882 0.238965466618537903 -0.119135282933712006 0.000000000000000000 0.000000000000000000 0.000000000000000000 1.000000000000000000",
          "initialPose" : [
            -4.3711388286737929e-08,
            0,
            1,
            0.1325000524520874,
            0,
            1,
            0,
            -0.3580700159072876,
            -1,
            0,
            -4.3711388286737929e-08,
            -0.11497800052165985,
            0,
            0,
            0,
            1
          ],
          "resultPose" : [
            0.23864293098449707,
            0.014728989452123642,
            0.97099566459655762,
            0.13844935595989227,
            -0.029423097148537636,
            0.99953556060791016,
            -0.0079305553808808327,
            -0.35664999485015869,
            -0.97066152095794678,
            -0.026677129790186882,
            0.2389654666185379,
            -0.11913528293371201,
            0,
            0,
            0,
            1
          ],
          "residualError" : 0.00073427007074815156,
          "name" : "AimPosWatchingSupineLeft"
        }
      ]
    },
    {
      "marker" : "http:\/\/asmc.skia.site\/ardata\/v2_65\/260\/0_HEAD.classic.obj",
      "selectedStep" : {
        "initialPoseForCloudCompare" : "-0.000000043711388287 0.000000000000000000 1.000000000000000000 0.132500052452087402 0.000000000000000000 1.000000000000000000 0.000000000000000000 -0.358070015907287598 -1.000000000000000000 0.000000000000000000 -0.000000043711388287 -0.114978000521659851 0.000000000000000000 0.000000000000000000 0.000000000000000000 1.000000000000000000",
        "angularError" : 1.898367166519165,
        "resultPoseForCloudCompare" : "0.206771880388259888 0.028225103393197060 0.977981984615325928 0.138731926679611206 -0.022809488698840141 0.999451160430908203 -0.024022173136472702 -0.355895429849624634 -0.978123247623443604 -0.017340159043669701 0.207302212715148926 -0.116834849119186401 0.000000000000000000 0.000000000000000000 0.000000000000000000 1.000000000000000000",
        "initialPose" : [
          -4.3711388286737929e-08,
          0,
          1,
          0.1325000524520874,
          0,
          1,
          0,
          -0.3580700159072876,
          -1,
          0,
          -4.3711388286737929e-08,
          -0.11497800052165985,
          0,
          0,
          0,
          1
        ],
        "resultPose" : [
          0.20677188038825989,
          0.02822510339319706,
          0.97798198461532593,
          0.13873192667961121,
          -0.022809488698840141,
          0.9994511604309082,
          -0.024022173136472702,
          -0.35589542984962463,
          -0.9781232476234436,
          -0.017340159043669701,
          0.20730221271514893,
          -0.1168348491191864,
          0,
          0,
          0,
          1
        ],
        "residualError" : 0.00066880245885865997,
        "name" : "AimPosWatchingSupineLeft"
      },
      "results" : [
        {
          "initialPoseForCloudCompare" : "-0.000000043711388287 0.000000000000000000 1.000000000000000000 0.130500018596649170 0.000000000000000000 1.000000000000000000 0.000000000000000000 -0.326557815074920654 -1.000000000000000000 0.000000000000000000 -0.000000043711388287 -0.112978011369705200 0.000000000000000000 0.000000000000000000 0.000000000000000000 1.000000000000000000",
          "angularError" : 1.7097201347351074,
          "resultPoseForCloudCompare" : "0.208213105797767639 0.025859441608190536 0.977741599082946777 0.138972982764244080 -0.019948298111557961 0.999554753303527832 -0.022188307717442513 -0.356289952993392944 -0.977880060672760010 -0.014884384348988533 0.208636254072189331 -0.117142498493194580 0.000000000000000000 0.000000000000000000 0.000000000000000000 1.000000000000000000",
          "initialPose" : [
            -4.3711388286737929e-08,
            0,
            1,
            0.13050001859664917,
            0,
            1,
            0,
            -0.32655781507492065,
            -1,
            0,
            -4.3711388286737929e-08,
            -0.1129780113697052,
            0,
            0,
            0,
            1
          ],
          "resultPose" : [
            0.20821310579776764,
            0.025859441608190536,
            0.97774159908294678,
            0.13897298276424408,
            -0.019948298111557961,
            0.99955475330352783,
            -0.022188307717442513,
            -0.35628995299339294,
            -0.97788006067276001,
            -0.014884384348988533,
            0.20863625407218933,
            -0.11714249849319458,
            0,
            0,
            0,
            1
          ],
          "residualError" : 0.00067867737594372475,
          "name" : "SceneCenterPosWatchingSupineLeft"
        },
        {
          "initialPoseForCloudCompare" : "-0.000000043711388287 0.000000000000000000 1.000000000000000000 0.130500018596649170 0.000000000000000000 1.000000000000000000 0.000000000000000000 -0.179533585906028748 -1.000000000000000000 0.000000000000000000 -0.000000043711388287 -0.112978011369705200 0.000000000000000000 0.000000000000000000 0.000000000000000000 1.000000000000000000",
          "angularError" : 1.7536811828613281,
          "resultPoseForCloudCompare" : "0.208313927054405212 0.026970200240612030 0.977690100669860840 0.138869032263755798 -0.019770300015807152 0.999531626701354980 -0.023360304534435272 -0.356200158596038818 -0.977862179279327393 -0.014462948776781559 0.208749562501907349 -0.117167405784130096 0.000000000000000000 0.000000000000000000 0.000000000000000000 1.000000000000000000",
          "initialPose" : [
            -4.3711388286737929e-08,
            0,
            1,
            0.13050001859664917,
            0,
            1,
            0,
            -0.17953358590602875,
            -1,
            0,
            -4.3711388286737929e-08,
            -0.1129780113697052,
            0,
            0,
            0,
            1
          ],
          "resultPose" : [
            0.20831392705440521,
            0.02697020024061203,
            0.97769010066986084,
            0.1388690322637558,
            -0.019770300015807152,
            0.99953162670135498,
            -0.023360304534435272,
            -0.35620015859603882,
            -0.97786217927932739,
            -0.014462948776781559,
            0.20874956250190735,
            -0.1171674057841301,
            0,
            0,
            0,
            1
          ],
          "residualError" : 0.0006722828083364135,
          "name" : "SceneTopPosWatchingSupineLeft"
        },
        {
          "initialPoseForCloudCompare" : "-0.000000043711388287 0.000000000000000000 1.000000000000000000 0.132500052452087402 0.000000000000000000 1.000000000000000000 0.000000000000000000 -0.358070015907287598 -1.000000000000000000 0.000000000000000000 -0.000000043711388287 -0.114978000521659851 0.000000000000000000 0.000000000000000000 0.000000000000000000 1.000000000000000000",
          "angularError" : 1.898367166519165,
          "resultPoseForCloudCompare" : "0.206771880388259888 0.028225103393197060 0.977981984615325928 0.138731926679611206 -0.022809488698840141 0.999451160430908203 -0.024022173136472702 -0.355895429849624634 -0.978123247623443604 -0.017340159043669701 0.207302212715148926 -0.116834849119186401 0.000000000000000000 0.000000000000000000 0.000000000000000000 1.000000000000000000",
          "initialPose" : [
            -4.3711388286737929e-08,
            0,
            1,
            0.1325000524520874,
            0,
            1,
            0,
            -0.3580700159072876,
            -1,
            0,
            -4.3711388286737929e-08,
            -0.11497800052165985,
            0,
            0,
            0,
            1
          ],
          "resultPose" : [
            0.20677188038825989,
            0.02822510339319706,
            0.97798198461532593,
            0.13873192667961121,
            -0.022809488698840141,
            0.9994511604309082,
            -0.024022173136472702,
            -0.35589542984962463,
            -0.9781232476234436,
            -0.017340159043669701,
            0.20730221271514893,
            -0.1168348491191864,
            0,
            0,
            0,
            1
          ],
          "residualError" : 0.00066880245885865997,
          "name" : "AimPosWatchingSupineLeft"
        }
      ]
    },
    {
      "marker" : "http:\/\/asmc.skia.site\/ardata\/v2_65\/260\/3_HEAD.with_ears.obj",
      "selectedStep" : {
        "initialPoseForCloudCompare" : "-0.000000043711388287 0.000000000000000000 1.000000000000000000 0.130500018596649170 0.000000000000000000 1.000000000000000000 0.000000000000000000 -0.179533585906028748 -1.000000000000000000 0.000000000000000000 -0.000000043711388287 -0.112978011369705200 0.000000000000000000 0.000000000000000000 0.000000000000000000 1.000000000000000000",
        "angularError" : 1.65894615650177,
        "resultPoseForCloudCompare" : "0.237676560878753662 -0.001370035344734788 0.971343398094177246 0.138497307896614075 -0.027764676138758659 0.999580800533294678 0.008203560486435890 -0.357632011175155640 -0.970947444438934326 -0.028918828815221786 0.237538903951644897 -0.118669636547565460 0.000000000000000000 0.000000000000000000 0.000000000000000000 1.000000000000000000",
        "initialPose" : [
          -4.3711388286737929e-08,
          0,
          1,
          0.13050001859664917,
          0,
          1,
          0,
          -0.17953358590602875,
          -1,
          0,
          -4.3711388286737929e-08,
          -0.1129780113697052,
          0,
          0,
          0,
          1
        ],
        "resultPose" : [
          0.23767656087875366,
          -0.0013700353447347879,
          0.97134339809417725,
          0.13849730789661407,
          -0.027764676138758659,
          0.99958080053329468,
          0.0082035604864358902,
          -0.35763201117515564,
          -0.97094744443893433,
          -0.028918828815221786,
          0.2375389039516449,
          -0.11866963654756546,
          0,
          0,
          0,
          1
        ],
        "residualError" : 0.00061112376803764106,
        "name" : "SceneTopPosWatchingSupineLeft"
      },
      "results" : [
        {
          "initialPoseForCloudCompare" : "-0.000000043711388287 0.000000000000000000 1.000000000000000000 0.130500018596649170 0.000000000000000000 1.000000000000000000 0.000000000000000000 -0.326557815074920654 -1.000000000000000000 0.000000000000000000 -0.000000043711388287 -0.112978011369705200 0.000000000000000000 0.000000000000000000 0.000000000000000000 1.000000000000000000",
          "angularError" : 1.0225902795791626,
          "resultPoseForCloudCompare" : "0.223693087697029114 0.017392415553331375 0.974504470825195312 0.138739854097366333 -0.007794909644871950 0.999840736389160156 -0.016055315732955933 -0.357667267322540283 -0.974628448486328125 -0.004004710819572210 0.223793029785156250 -0.119315259158611298 0.000000000000000000 0.000000000000000000 0.000000000000000000 1.000000000000000000",
          "initialPose" : [
            -4.3711388286737929e-08,
            0,
            1,
            0.13050001859664917,
            0,
            1,
            0,
            -0.32655781507492065,
            -1,
            0,
            -4.3711388286737929e-08,
            -0.1129780113697052,
            0,
            0,
            0,
            1
          ],
          "resultPose" : [
            0.22369308769702911,
            0.017392415553331375,
            0.97450447082519531,
            0.13873985409736633,
            -0.0077949096448719501,
            0.99984073638916016,
            -0.016055315732955933,
            -0.35766726732254028,
            -0.97462844848632812,
            -0.0040047108195722103,
            0.22379302978515625,
            -0.1193152591586113,
            0,
            0,
            0,
            1
          ],
          "residualError" : 0.00063487432006569054,
          "name" : "SceneCenterPosWatchingSupineLeft"
        },
        {
          "initialPoseForCloudCompare" : "-0.000000043711388287 0.000000000000000000 1.000000000000000000 0.130500018596649170 0.000000000000000000 1.000000000000000000 0.000000000000000000 -0.179533585906028748 -1.000000000000000000 0.000000000000000000 -0.000000043711388287 -0.112978011369705200 0.000000000000000000 0.000000000000000000 0.000000000000000000 1.000000000000000000",
          "angularError" : 1.65894615650177,
          "resultPoseForCloudCompare" : "0.237676560878753662 -0.001370035344734788 0.971343398094177246 0.138497307896614075 -0.027764676138758659 0.999580800533294678 0.008203560486435890 -0.357632011175155640 -0.970947444438934326 -0.028918828815221786 0.237538903951644897 -0.118669636547565460 0.000000000000000000 0.000000000000000000 0.000000000000000000 1.000000000000000000",
          "initialPose" : [
            -4.3711388286737929e-08,
            0,
            1,
            0.13050001859664917,
            0,
            1,
            0,
            -0.17953358590602875,
            -1,
            0,
            -4.3711388286737929e-08,
            -0.1129780113697052,
            0,
            0,
            0,
            1
          ],
          "resultPose" : [
            0.23767656087875366,
            -0.0013700353447347879,
            0.97134339809417725,
            0.13849730789661407,
            -0.027764676138758659,
            0.99958080053329468,
            0.0082035604864358902,
            -0.35763201117515564,
            -0.97094744443893433,
            -0.028918828815221786,
            0.2375389039516449,
            -0.11866963654756546,
            0,
            0,
            0,
            1
          ],
          "residualError" : 0.00061112376803764106,
          "name" : "SceneTopPosWatchingSupineLeft"
        },
        {
          "initialPoseForCloudCompare" : "-0.000000043711388287 0.000000000000000000 1.000000000000000000 0.132500052452087402 0.000000000000000000 1.000000000000000000 0.000000000000000000 -0.358070015907287598 -1.000000000000000000 0.000000000000000000 -0.000000043711388287 -0.114978000521659851 0.000000000000000000 0.000000000000000000 0.000000000000000000 1.000000000000000000",
          "angularError" : 1.3144756555557251,
          "resultPoseForCloudCompare" : "0.220891728997230530 0.022492280229926109 0.975038945674896240 0.138981744647026062 -0.009370641782879829 0.999736845493316650 -0.020939126610755920 -0.357338488101959229 -0.975253343582153320 -0.004511461127549410 0.221044361591339111 -0.118995405733585358 0.000000000000000000 0.000000000000000000 0.000000000000000000 1.000000000000000000",
          "initialPose" : [
            -4.3711388286737929e-08,
            0,
            1,
            0.1325000524520874,
            0,
            1,
            0,
            -0.3580700159072876,
            -1,
            0,
            -4.3711388286737929e-08,
            -0.11497800052165985,
            0,
            0,
            0,
            1
          ],
          "resultPose" : [
            0.22089172899723053,
            0.022492280229926109,
            0.97503894567489624,
            0.13898174464702606,
            -0.0093706417828798294,
            0.99973684549331665,
            -0.02093912661075592,
            -0.35733848810195923,
            -0.97525334358215332,
            -0.0045114611275494099,
            0.22104436159133911,
            -0.11899540573358536,
            0,
            0,
            0,
            1
          ],
          "residualError" : 0.00062076033964503967,
          "name" : "AimPosWatchingSupineLeft"
        }
      ]
    }
  ],
  "additionalInfo" : {
    "nosePosInScene" : {
      "x" : 0.20663744211196899,
      "y" : -0.1989554762840271,
      "z" : -0.19339713454246521
    },
    "cameraProjection" : [
      1.6682326793670654,
      0,
      0,
      0,
      0,
      2.2243101596832275,
      0,
      0,
      0.0064656734466552734,
      0.0045597553253173828,
      -1.0100502967834473,
      -1,
      0,
      0,
      -0.20100502669811249,
      0
    ],
    "medicalInfo" : "http:\/\/asmc.skia.site\/v2\/Mars\/MedicalInfo\/65",
    "marsCoreVersion" : "1.1.1",
    "scanningCubeSizeInMeter" : {
      "x" : 0.40000000596046448,
      "y" : 0.40000000596046448,
      "z" : 0.40000000596046448
    },
    "glViewport" : [
      1.7357500791549683,
      0,
      0,
      0,
      0,
      -2.314333438873291,
      0,
      0,
      -0.06796872615814209,
      0.060416698455810547,
      1.0100502967834473,
      1,
      0,
      0,
      -0.20100502669811249,
      0
    ],
    "cameraPose" : [
      0.99335187673568726,
      0.0012028906494379044,
      0.11511169373989105,
      0,
      0.11288867890834808,
      0.18565782904624939,
      -0.97610819339752197,
      0,
      -0.022545533254742622,
      0.98261362314224243,
      0.18428775668144226,
      0,
      0.16424949467182159,
      0.20681582391262054,
      -0.13207745552062988,
      1
    ],
    "patientPosePresetByML" : 2
  },
  "algorithm" : "icpOnly",
  "parameters" : {
    "ppfMatching" : {
      "sceneSamplingStep" : 0.050000000000000003,
      "sceneDistance" : 0.025000000000000001
    },
    "ppfTraining" : {
      "relativeSamplingStep" : 0.025000000000000001,
      "relativeDistanceStep" : 0.050000000000000003,
      "numAngles" : 60
    },
    "icp" : {
      "tolerence" : 0.004999999888241291,
      "rejectionScale" : 2.5,
      "iterations" : 100,
      "numLevels" : 8
    },
    "mars" : {
      "maxPpfResultCount" : 5
    }
  }
}