{
  "selectedMarker" : {
    "marker" : "http:\/\/dev.skia.site\/ardata\/v2_374\/1482\/4_4_HEAD.classic.obj",
    "selectedStep" : {
      "resultPose" : [
        -0.99083596467971802,
        -0.13453952968120575,
        -0.011944322846829891,
        0.36026465892791748,
        -0.010748270899057388,
        -0.0096128387376666069,
        0.99989587068557739,
        -0.35811653733253479,
        -0.13464038074016571,
        0.99086153507232666,
        0.0080786878243088722,
        -0.39413303136825562,
        0,
        0,
        0,
        1
      ],
      "resultPoseForCloudCompare" : "-0.990835964679718018 -0.134539529681205750 -0.011944322846829891 0.360264658927917480 -0.010748270899057388 -0.009612838737666607 0.999895870685577393 -0.358116537332534790 -0.134640380740165710 0.990861535072326660 0.008078687824308872 -0.394133031368255615 0.000000000000000000 0.000000000000000000 0.000000000000000000 1.000000000000000000",
      "residualError" : 0.00072235584806971075,
      "name" : "BetweenEyes-RightEye-Nose",
      "initialPoseForCloudCompare" : "-0.968687951564788818 -0.222354128956794739 -0.110461480915546417 0.390509903430938721 -0.072253987193107605 -0.173181593418121338 0.982235789299011230 -0.310296297073364258 -0.237534105777740479 0.959461629390716553 0.151692986488342285 -0.403522670269012451 0.000000000000000000 0.000000000000000000 0.000000000000000000 1.000000000000000000",
      "initialPose" : [
        -0.96868795156478882,
        -0.22235412895679474,
        -0.11046148091554642,
        0.39050990343093872,
        -0.072253987193107605,
        -0.17318159341812134,
        0.98223578929901123,
        -0.31029629707336426,
        -0.23753410577774048,
        0.95946162939071655,
        0.15169298648834229,
        -0.40352267026901245,
        0,
        0,
        0,
        1
      ]
    },
    "results" : [
      {
        "resultPose" : [
          -0.99082881212234497,
          -0.13461571931838989,
          -0.011697604320943356,
          0.36024001240730286,
          -0.010501179844141006,
          -0.0095940958708524704,
          0.99989879131317139,
          -0.35805591940879822,
          -0.13471426069736481,
          0.99085134267807007,
          0.0080924872308969498,
          -0.39410349726676941,
          0,
          0,
          0,
          1
        ],
        "resultPoseForCloudCompare" : "-0.990828812122344971 -0.134615719318389893 -0.011697604320943356 0.360240012407302856 -0.010501179844141006 -0.009594095870852470 0.999898791313171387 -0.358055919408798218 -0.134714260697364807 0.990851342678070068 0.008092487230896950 -0.394103497266769409 0.000000000000000000 0.000000000000000000 0.000000000000000000 1.000000000000000000",
        "residualError" : 0.00072717210053555731,
        "name" : "Nose-LeftEye-RightEye",
        "initialPoseForCloudCompare" : "-0.987511038780212402 -0.127757176756858826 -0.092195592820644379 0.372758954763412476 -0.079427361488342285 -0.101674050092697144 0.991641879081726074 -0.324637055397033691 -0.136063203215599060 0.986580133438110352 0.090256839990615845 -0.410500168800354004 0.000000000000000000 0.000000000000000000 0.000000000000000000 1.000000000000000000",
        "initialPose" : [
          -0.9875110387802124,
          -0.12775717675685883,
          -0.092195592820644379,
          0.37275895476341248,
          -0.079427361488342285,
          -0.10167405009269714,
          0.99164187908172607,
          -0.32463705539703369,
          -0.13606320321559906,
          0.98658013343811035,
          0.090256839990615845,
          -0.410500168800354,
          0,
          0,
          0,
          1
        ]
      },
      {
        "resultPose" : [
          -0.99081718921661377,
          -0.13471199572086334,
          -0.011553940363228321,
          0.36022377014160156,
          -0.010351866483688354,
          -0.0096204951405525208,
          0.99989998340606689,
          -0.35809031128883362,
          -0.1348097026348114,
          0.99083811044692993,
          0.0081375651061534882,
          -0.39410379528999329,
          0,
          0,
          0,
          1
        ],
        "resultPoseForCloudCompare" : "-0.990817189216613770 -0.134711995720863342 -0.011553940363228321 0.360223770141601562 -0.010351866483688354 -0.009620495140552521 0.999899983406066895 -0.358090311288833618 -0.134809702634811401 0.990838110446929932 0.008137565106153488 -0.394103795289993286 0.000000000000000000 0.000000000000000000 0.000000000000000000 1.000000000000000000",
        "residualError" : 0.00072499721510861355,
        "name" : "LeftEye-RightEye-Nose",
        "initialPoseForCloudCompare" : "-0.985232353210449219 -0.160378813743591309 -0.059961318969726562 0.368214517831802368 -0.043924473226070404 -0.101735562086105347 0.993841171264648438 -0.330735117197036743 -0.165491282939910889 0.981798648834228516 0.093188554048538208 -0.406060755252838135 0.000000000000000000 0.000000000000000000 0.000000000000000000 1.000000000000000000",
        "initialPose" : [
          -0.98523235321044922,
          -0.16037881374359131,
          -0.059961318969726562,
          0.36821451783180237,
          -0.043924473226070404,
          -0.10173556208610535,
          0.99384117126464844,
          -0.33073511719703674,
          -0.16549128293991089,
          0.98179864883422852,
          0.093188554048538208,
          -0.40606075525283813,
          0,
          0,
          0,
          1
        ]
      },
      {
        "resultPose" : [
          -0.99084615707397461,
          -0.13447713851928711,
          -0.011829075403511524,
          0.36024081707000732,
          -0.010644882917404175,
          -0.0095212860032916069,
          0.99989795684814453,
          -0.35810625553131104,
          -0.13457606732845306,
          0.9908708930015564,
          0.0080026155337691307,
          -0.39412426948547363,
          0,
          0,
          0,
          1
        ],
        "resultPoseForCloudCompare" : "-0.990846157073974609 -0.134477138519287109 -0.011829075403511524 0.360240817070007324 -0.010644882917404175 -0.009521286003291607 0.999897956848144531 -0.358106255531311035 -0.134576067328453064 0.990870893001556396 0.008002615533769131 -0.394124269485473633 0.000000000000000000 0.000000000000000000 0.000000000000000000 1.000000000000000000",
        "residualError" : 0.00072420016963675314,
        "name" : "Nose-BetweenEyes-RightEye",
        "initialPoseForCloudCompare" : "-0.971788048744201660 -0.148945361375808716 -0.182875469326972961 0.392269223928451538 -0.157201305031776428 -0.168997257947921753 0.972999274730682373 -0.297476977109909058 -0.175829201936721802 0.974297225475311279 0.140815079212188721 -0.412519395351409912 0.000000000000000000 0.000000000000000000 0.000000000000000000 1.000000000000000000",
        "initialPose" : [
          -0.97178804874420166,
          -0.14894536137580872,
          -0.18287546932697296,
          0.39226922392845154,
          -0.15720130503177643,
          -0.16899725794792175,
          0.97299927473068237,
          -0.29747697710990906,
          -0.1758292019367218,
          0.97429722547531128,
          0.14081507921218872,
          -0.41251939535140991,
          0,
          0,
          0,
          1
        ]
      },
      {
        "resultPose" : [
          -0.99083596467971802,
          -0.13453952968120575,
          -0.011944322846829891,
          0.36026465892791748,
          -0.010748270899057388,
          -0.0096128387376666069,
          0.99989587068557739,
          -0.35811653733253479,
          -0.13464038074016571,
          0.99086153507232666,
          0.0080786878243088722,
          -0.39413303136825562,
          0,
          0,
          0,
          1
        ],
        "resultPoseForCloudCompare" : "-0.990835964679718018 -0.134539529681205750 -0.011944322846829891 0.360264658927917480 -0.010748270899057388 -0.009612838737666607 0.999895870685577393 -0.358116537332534790 -0.134640380740165710 0.990861535072326660 0.008078687824308872 -0.394133031368255615 0.000000000000000000 0.000000000000000000 0.000000000000000000 1.000000000000000000",
        "residualError" : 0.00072235584806971075,
        "name" : "BetweenEyes-RightEye-Nose",
        "initialPoseForCloudCompare" : "-0.968687951564788818 -0.222354128956794739 -0.110461480915546417 0.390509903430938721 -0.072253987193107605 -0.173181593418121338 0.982235789299011230 -0.310296297073364258 -0.237534105777740479 0.959461629390716553 0.151692986488342285 -0.403522670269012451 0.000000000000000000 0.000000000000000000 0.000000000000000000 1.000000000000000000",
        "initialPose" : [
          -0.96868795156478882,
          -0.22235412895679474,
          -0.11046148091554642,
          0.39050990343093872,
          -0.072253987193107605,
          -0.17318159341812134,
          0.98223578929901123,
          -0.31029629707336426,
          -0.23753410577774048,
          0.95946162939071655,
          0.15169298648834229,
          -0.40352267026901245,
          0,
          0,
          0,
          1
        ]
      },
      {
        "initialPoseForCloudCompare" : "-1.000000000000000000 -0.000000000000003821 -0.000000087422776573 0.328992247581481934 -0.000000087422776573 0.000000043711388287 1.000000000000000000 -0.357713013887405396 0.000000000000000000 1.000000000000000000 -0.000000043711388287 -0.412399232387542725 0.000000000000000000 0.000000000000000000 0.000000000000000000 1.000000000000000000",
        "angularError" : 0.88536524772644043,
        "resultPoseForCloudCompare" : "-0.990760743618011475 -0.135006234049797058 -0.012901708483695984 0.360491007566452026 -0.011635067872703075 -0.010166931897401810 0.999880611896514893 -0.357786417007446289 -0.135121285915374756 0.990792572498321533 0.008502190932631493 -0.394120037555694580 0.000000000000000000 0.000000000000000000 0.000000000000000000 1.000000000000000000",
        "initialPose" : [
          -1,
          -3.82137093032941e-15,
          -8.7422776573475858e-08,
          0.32899224758148193,
          -8.7422776573475858e-08,
          4.3711388286737929e-08,
          1,
          -0.3577130138874054,
          0,
          1,
          -4.3711388286737929e-08,
          -0.41239923238754272,
          0,
          0,
          0,
          1
        ],
        "resultPose" : [
          -0.99076074361801147,
          -0.13500623404979706,
          -0.012901708483695984,
          0.36049100756645203,
          -0.011635067872703075,
          -0.01016693189740181,
          0.99988061189651489,
          -0.35778641700744629,
          -0.13512128591537476,
          0.99079257249832153,
          0.0085021909326314926,
          -0.39412003755569458,
          0,
          0,
          0,
          1
        ],
        "residualError" : 0.00073030974643573977,
        "name" : "SynchronizedNosePosWatchingStandingAnterior"
      }
    ]
  },
  "calculatedData" : {
    "clinicalTrialSubData" : [
      {
        "matchedMarkingCenters" : [

        ],
        "resultPosMatrix" : [

        ]
      },
      {
        "matchedMarkingCenters" : [

        ],
        "resultPosMatrix" : [

        ]
      },
      {
        "matchedMarkingCenters" : [

        ],
        "resultPosMatrix" : [

        ]
      },
      {
        "matchedMarkingCenters" : [

        ],
        "resultPosMatrix" : [

        ]
      }
    ],
    "pointsOfInterest" : {
      "markingCenterOfMass" : [

      ],
      "closestSkinPoint" : [

      ],
      "lesionCenterOfMass" : [

      ]
    },
    "clinicalTrialData" : {
      "matchedMarkingCenters" : [

      ],
      "resultPosMatrix" : [

      ]
    }
  },
  "elapsedTime" : 2.4713129997253418,
  "results" : [
    {
      "marker" : "http:\/\/dev.skia.site\/ardata\/v2_374\/1482\/6_HEAD.face_only.obj",
      "selectedStep" : {
        "resultPose" : [
          -0.99038541316986084,
          -0.13740915060043335,
          -0.015983531251549721,
          0.36137980222702026,
          -0.014663225971162319,
          -0.01061526034027338,
          0.99983608722686768,
          -0.35791817307472229,
          -0.13755623996257782,
          0.99045741558074951,
          0.0084983417764306068,
          -0.39390343427658081,
          0,
          0,
          0,
          1
        ],
        "resultPoseForCloudCompare" : "-0.990385413169860840 -0.137409150600433350 -0.015983531251549721 0.361379802227020264 -0.014663225971162319 -0.010615260340273380 0.999836087226867676 -0.357918173074722290 -0.137556239962577820 0.990457415580749512 0.008498341776430607 -0.393903434276580811 0.000000000000000000 0.000000000000000000 0.000000000000000000 1.000000000000000000",
        "residualError" : 0.0010695396296475979,
        "name" : "Nose-LeftEye-RightEye",
        "initialPoseForCloudCompare" : "-0.987511038780212402 -0.127757176756858826 -0.092195592820644379 0.372758954763412476 -0.079427361488342285 -0.101674050092697144 0.991641879081726074 -0.324637055397033691 -0.136063203215599060 0.986580133438110352 0.090256839990615845 -0.410500168800354004 0.000000000000000000 0.000000000000000000 0.000000000000000000 1.000000000000000000",
        "initialPose" : [
          -0.9875110387802124,
          -0.12775717675685883,
          -0.092195592820644379,
          0.37275895476341248,
          -0.079427361488342285,
          -0.10167405009269714,
          0.99164187908172607,
          -0.32463705539703369,
          -0.13606320321559906,
          0.98658013343811035,
          0.090256839990615845,
          -0.410500168800354,
          0,
          0,
          0,
          1
        ]
      },
      "results" : [
        {
          "resultPose" : [
            -0.99038541316986084,
            -0.13740915060043335,
            -0.015983531251549721,
            0.36137980222702026,
            -0.014663225971162319,
            -0.01061526034027338,
            0.99983608722686768,
            -0.35791817307472229,
            -0.13755623996257782,
            0.99045741558074951,
            0.0084983417764306068,
            -0.39390343427658081,
            0,
            0,
            0,
            1
          ],
          "resultPoseForCloudCompare" : "-0.990385413169860840 -0.137409150600433350 -0.015983531251549721 0.361379802227020264 -0.014663225971162319 -0.010615260340273380 0.999836087226867676 -0.357918173074722290 -0.137556239962577820 0.990457415580749512 0.008498341776430607 -0.393903434276580811 0.000000000000000000 0.000000000000000000 0.000000000000000000 1.000000000000000000",
          "residualError" : 0.0010695396296475979,
          "name" : "Nose-LeftEye-RightEye",
          "initialPoseForCloudCompare" : "-0.987511038780212402 -0.127757176756858826 -0.092195592820644379 0.372758954763412476 -0.079427361488342285 -0.101674050092697144 0.991641879081726074 -0.324637055397033691 -0.136063203215599060 0.986580133438110352 0.090256839990615845 -0.410500168800354004 0.000000000000000000 0.000000000000000000 0.000000000000000000 1.000000000000000000",
          "initialPose" : [
            -0.9875110387802124,
            -0.12775717675685883,
            -0.092195592820644379,
            0.37275895476341248,
            -0.079427361488342285,
            -0.10167405009269714,
            0.99164187908172607,
            -0.32463705539703369,
            -0.13606320321559906,
            0.98658013343811035,
            0.090256839990615845,
            -0.410500168800354,
            0,
            0,
            0,
            1
          ]
        },
        {
          "resultPose" : [
            -0.99038517475128174,
            -0.13740909099578857,
            -0.015983499586582184,
            0.36137977242469788,
            -0.014663238078355789,
            -0.010615328326821327,
            0.9998360276222229,
            -0.3579181432723999,
            -0.13755625486373901,
            0.99045753479003906,
            0.0084983361884951591,
            -0.3939034640789032,
            0,
            0,
            0,
            1
          ],
          "resultPoseForCloudCompare" : "-0.990385174751281738 -0.137409090995788574 -0.015983499586582184 0.361379772424697876 -0.014663238078355789 -0.010615328326821327 0.999836027622222900 -0.357918143272399902 -0.137556254863739014 0.990457534790039062 0.008498336188495159 -0.393903464078903198 0.000000000000000000 0.000000000000000000 0.000000000000000000 1.000000000000000000",
          "residualError" : 0.0010695403599472746,
          "name" : "LeftEye-RightEye-Nose",
          "initialPoseForCloudCompare" : "-0.985232353210449219 -0.160378813743591309 -0.059961318969726562 0.368214517831802368 -0.043924473226070404 -0.101735562086105347 0.993841171264648438 -0.330735117197036743 -0.165491282939910889 0.981798648834228516 0.093188554048538208 -0.406060755252838135 0.000000000000000000 0.000000000000000000 0.000000000000000000 1.000000000000000000",
          "initialPose" : [
            -0.98523235321044922,
            -0.16037881374359131,
            -0.059961318969726562,
            0.36821451783180237,
            -0.043924473226070404,
            -0.10173556208610535,
            0.99384117126464844,
            -0.33073511719703674,
            -0.16549128293991089,
            0.98179864883422852,
            0.093188554048538208,
            -0.40606075525283813,
            0,
            0,
            0,
            1
          ]
        },
        {
          "resultPose" : [
            -0.99038726091384888,
            -0.13738206028938293,
            -0.016105512157082558,
            0.36140027642250061,
            -0.014801746234297752,
            -0.010506232269108295,
            0.99983519315719604,
            -0.35792627930641174,
            -0.13752864301204681,
            0.99046236276626587,
            0.0083717238157987595,
            -0.3938826322555542,
            0,
            0,
            0,
            1
          ],
          "resultPoseForCloudCompare" : "-0.990387260913848877 -0.137382060289382935 -0.016105512157082558 0.361400276422500610 -0.014801746234297752 -0.010506232269108295 0.999835193157196045 -0.357926279306411743 -0.137528643012046814 0.990462362766265869 0.008371723815798759 -0.393882632255554199 0.000000000000000000 0.000000000000000000 0.000000000000000000 1.000000000000000000",
          "residualError" : 0.0010709238950441379,
          "name" : "Nose-BetweenEyes-RightEye",
          "initialPoseForCloudCompare" : "-0.971788048744201660 -0.148945361375808716 -0.182875469326972961 0.392269223928451538 -0.157201305031776428 -0.168997257947921753 0.972999274730682373 -0.297476977109909058 -0.175829201936721802 0.974297225475311279 0.140815079212188721 -0.412519395351409912 0.000000000000000000 0.000000000000000000 0.000000000000000000 1.000000000000000000",
          "initialPose" : [
            -0.97178804874420166,
            -0.14894536137580872,
            -0.18287546932697296,
            0.39226922392845154,
            -0.15720130503177643,
            -0.16899725794792175,
            0.97299927473068237,
            -0.29747697710990906,
            -0.1758292019367218,
            0.97429722547531128,
            0.14081507921218872,
            -0.41251939535140991,
            0,
            0,
            0,
            1
          ]
        },
        {
          "resultPose" : [
            -0.99042254686355591,
            -0.13715408742427826,
            -0.015855927020311356,
            0.36133337020874023,
            -0.014531945809721947,
            -0.010649227537214756,
            0.99983751773834229,
            -0.35793006420135498,
            -0.13730068504810333,
            0.99049240350723267,
            0.0085541289299726486,
            -0.39394721388816833,
            0,
            0,
            0,
            1
          ],
          "resultPoseForCloudCompare" : "-0.990422546863555908 -0.137154087424278259 -0.015855927020311356 0.361333370208740234 -0.014531945809721947 -0.010649227537214756 0.999837517738342285 -0.357930064201354980 -0.137300685048103333 0.990492403507232666 0.008554128929972649 -0.393947213888168335 0.000000000000000000 0.000000000000000000 0.000000000000000000 1.000000000000000000",
          "residualError" : 0.0010722771804289031,
          "name" : "BetweenEyes-RightEye-Nose",
          "initialPoseForCloudCompare" : "-0.968687951564788818 -0.222354128956794739 -0.110461480915546417 0.390509903430938721 -0.072253987193107605 -0.173181593418121338 0.982235789299011230 -0.310296297073364258 -0.237534105777740479 0.959461629390716553 0.151692986488342285 -0.403522670269012451 0.000000000000000000 0.000000000000000000 0.000000000000000000 1.000000000000000000",
          "initialPose" : [
            -0.96868795156478882,
            -0.22235412895679474,
            -0.11046148091554642,
            0.39050990343093872,
            -0.072253987193107605,
            -0.17318159341812134,
            0.98223578929901123,
            -0.31029629707336426,
            -0.23753410577774048,
            0.95946162939071655,
            0.15169298648834229,
            -0.40352267026901245,
            0,
            0,
            0,
            1
          ]
        },
        {
          "initialPoseForCloudCompare" : "-1.000000000000000000 -0.000000000000003821 -0.000000087422776573 0.328992247581481934 -0.000000087422776573 0.000000043711388287 1.000000000000000000 -0.357713013887405396 0.000000000000000000 1.000000000000000000 -0.000000043711388287 -0.412399232387542725 0.000000000000000000 0.000000000000000000 0.000000000000000000 1.000000000000000000",
          "angularError" : 1.0434273481369019,
          "resultPoseForCloudCompare" : "-0.990388989448547363 -0.137361854314804077 -0.016165358945727348 0.361408650875091553 -0.014859122224152088 -0.010529604740440845 0.999834179878234863 -0.357918053865432739 -0.137509286403656006 0.990464985370635986 0.008387329056859016 -0.393888860940933228 0.000000000000000000 0.000000000000000000 0.000000000000000000 1.000000000000000000",
          "initialPose" : [
            -1,
            -3.82137093032941e-15,
            -8.7422776573475858e-08,
            0.32899224758148193,
            -8.7422776573475858e-08,
            4.3711388286737929e-08,
            1,
            -0.3577130138874054,
            0,
            1,
            -4.3711388286737929e-08,
            -0.41239923238754272,
            0,
            0,
            0,
            1
          ],
          "resultPose" : [
            -0.99038898944854736,
            -0.13736185431480408,
            -0.016165358945727348,
            0.36140865087509155,
            -0.014859122224152088,
            -0.010529604740440845,
            0.99983417987823486,
            -0.35791805386543274,
            -0.13750928640365601,
            0.99046498537063599,
            0.0083873290568590164,
            -0.39388886094093323,
            0,
            0,
            0,
            1
          ],
          "residualError" : 0.0010702041861995876,
          "name" : "SynchronizedNosePosWatchingStandingAnterior"
        }
      ]
    },
    {
      "marker" : "http:\/\/dev.skia.site\/ardata\/v2_374\/1482\/5_HEAD.default.obj",
      "selectedStep" : {
        "resultPose" : [
          -0.99074560403823853,
          -0.13513541221618652,
          -0.012718698941171169,
          0.36046123504638672,
          -0.011837511323392391,
          -0.0073220832273364067,
          0.99990308284759521,
          -0.35846805572509766,
          -0.13521546125411987,
          0.99080002307891846,
          0.0056546339765191078,
          -0.39373829960823059,
          0,
          0,
          0,
          1
        ],
        "resultPoseForCloudCompare" : "-0.990745604038238525 -0.135135412216186523 -0.012718698941171169 0.360461235046386719 -0.011837511323392391 -0.007322083227336407 0.999903082847595215 -0.358468055725097656 -0.135215461254119873 0.990800023078918457 0.005654633976519108 -0.393738299608230591 0.000000000000000000 0.000000000000000000 0.000000000000000000 1.000000000000000000",
        "residualError" : 0.00079616664025637001,
        "name" : "Nose-BetweenEyes-RightEye",
        "initialPoseForCloudCompare" : "-0.971788048744201660 -0.148945361375808716 -0.182875469326972961 0.392269223928451538 -0.157201305031776428 -0.168997257947921753 0.972999274730682373 -0.297476977109909058 -0.175829201936721802 0.974297225475311279 0.140815079212188721 -0.412519395351409912 0.000000000000000000 0.000000000000000000 0.000000000000000000 1.000000000000000000",
        "initialPose" : [
          -0.97178804874420166,
          -0.14894536137580872,
          -0.18287546932697296,
          0.39226922392845154,
          -0.15720130503177643,
          -0.16899725794792175,
          0.97299927473068237,
          -0.29747697710990906,
          -0.1758292019367218,
          0.97429722547531128,
          0.14081507921218872,
          -0.41251939535140991,
          0,
          0,
          0,
          1
        ]
      },
      "results" : [
        {
          "resultPose" : [
            -0.99073094129562378,
            -0.13524989783763885,
            -0.012635985389351845,
            0.3604583740234375,
            -0.011710096150636673,
            -0.0076389145106077194,
            0.99990224838256836,
            -0.35844177007675171,
            -0.13533313572406769,
            0.99078202247619629,
            0.0059843230992555618,
            -0.39378142356872559,
            0,
            0,
            0,
            1
          ],
          "resultPoseForCloudCompare" : "-0.990730941295623779 -0.135249897837638855 -0.012635985389351845 0.360458374023437500 -0.011710096150636673 -0.007638914510607719 0.999902248382568359 -0.358441770076751709 -0.135333135724067688 0.990782022476196289 0.005984323099255562 -0.393781423568725586 0.000000000000000000 0.000000000000000000 0.000000000000000000 1.000000000000000000",
          "residualError" : 0.00079792735756052538,
          "name" : "Nose-LeftEye-RightEye",
          "initialPoseForCloudCompare" : "-0.987511038780212402 -0.127757176756858826 -0.092195592820644379 0.372758954763412476 -0.079427361488342285 -0.101674050092697144 0.991641879081726074 -0.324637055397033691 -0.136063203215599060 0.986580133438110352 0.090256839990615845 -0.410500168800354004 0.000000000000000000 0.000000000000000000 0.000000000000000000 1.000000000000000000",
          "initialPose" : [
            -0.9875110387802124,
            -0.12775717675685883,
            -0.092195592820644379,
            0.37275895476341248,
            -0.079427361488342285,
            -0.10167405009269714,
            0.99164187908172607,
            -0.32463705539703369,
            -0.13606320321559906,
            0.98658013343811035,
            0.090256839990615845,
            -0.410500168800354,
            0,
            0,
            0,
            1
          ]
        },
        {
          "resultPose" : [
            -0.99074387550354004,
            -0.13514095544815063,
            -0.012769426219165325,
            0.36047080159187317,
            -0.011883164756000042,
            -0.0073628518730401993,
            0.99990212917327881,
            -0.35845384001731873,
            -0.13522177934646606,
            0.99079906940460205,
            0.005688732024282217,
            -0.39374437928199768,
            0,
            0,
            0,
            1
          ],
          "resultPoseForCloudCompare" : "-0.990743875503540039 -0.135140955448150635 -0.012769426219165325 0.360470801591873169 -0.011883164756000042 -0.007362851873040199 0.999902129173278809 -0.358453840017318726 -0.135221779346466064 0.990799069404602051 0.005688732024282217 -0.393744379281997681 0.000000000000000000 0.000000000000000000 0.000000000000000000 1.000000000000000000",
          "residualError" : 0.00079741708750685628,
          "name" : "LeftEye-RightEye-Nose",
          "initialPoseForCloudCompare" : "-0.985232353210449219 -0.160378813743591309 -0.059961318969726562 0.368214517831802368 -0.043924473226070404 -0.101735562086105347 0.993841171264648438 -0.330735117197036743 -0.165491282939910889 0.981798648834228516 0.093188554048538208 -0.406060755252838135 0.000000000000000000 0.000000000000000000 0.000000000000000000 1.000000000000000000",
          "initialPose" : [
            -0.98523235321044922,
            -0.16037881374359131,
            -0.059961318969726562,
            0.36821451783180237,
            -0.043924473226070404,
            -0.10173556208610535,
            0.99384117126464844,
            -0.33073511719703674,
            -0.16549128293991089,
            0.98179864883422852,
            0.093188554048538208,
            -0.40606075525283813,
            0,
            0,
            0,
            1
          ]
        },
        {
          "resultPose" : [
            -0.99074560403823853,
            -0.13513541221618652,
            -0.012718698941171169,
            0.36046123504638672,
            -0.011837511323392391,
            -0.0073220832273364067,
            0.99990308284759521,
            -0.35846805572509766,
            -0.13521546125411987,
            0.99080002307891846,
            0.0056546339765191078,
            -0.39373829960823059,
            0,
            0,
            0,
            1
          ],
          "resultPoseForCloudCompare" : "-0.990745604038238525 -0.135135412216186523 -0.012718698941171169 0.360461235046386719 -0.011837511323392391 -0.007322083227336407 0.999903082847595215 -0.358468055725097656 -0.135215461254119873 0.990800023078918457 0.005654633976519108 -0.393738299608230591 0.000000000000000000 0.000000000000000000 0.000000000000000000 1.000000000000000000",
          "residualError" : 0.00079616664025637001,
          "name" : "Nose-BetweenEyes-RightEye",
          "initialPoseForCloudCompare" : "-0.971788048744201660 -0.148945361375808716 -0.182875469326972961 0.392269223928451538 -0.157201305031776428 -0.168997257947921753 0.972999274730682373 -0.297476977109909058 -0.175829201936721802 0.974297225475311279 0.140815079212188721 -0.412519395351409912 0.000000000000000000 0.000000000000000000 0.000000000000000000 1.000000000000000000",
          "initialPose" : [
            -0.97178804874420166,
            -0.14894536137580872,
            -0.18287546932697296,
            0.39226922392845154,
            -0.15720130503177643,
            -0.16899725794792175,
            0.97299927473068237,
            -0.29747697710990906,
            -0.1758292019367218,
            0.97429722547531128,
            0.14081507921218872,
            -0.41251939535140991,
            0,
            0,
            0,
            1
          ]
        },
        {
          "resultPose" : [
            -0.99074381589889526,
            -0.13514092564582825,
            -0.012769421562552452,
            0.36047080159187317,
            -0.011883152648806572,
            -0.0073627717792987823,
            0.99990212917327881,
            -0.35845384001731873,
            -0.13522174954414368,
            0.9907989501953125,
            0.0056887287646532059,
            -0.39374434947967529,
            0,
            0,
            0,
            1
          ],
          "resultPoseForCloudCompare" : "-0.990743815898895264 -0.135140925645828247 -0.012769421562552452 0.360470801591873169 -0.011883152648806572 -0.007362771779298782 0.999902129173278809 -0.358453840017318726 -0.135221749544143677 0.990798950195312500 0.005688728764653206 -0.393744349479675293 0.000000000000000000 0.000000000000000000 0.000000000000000000 1.000000000000000000",
          "residualError" : 0.00079741507750106589,
          "name" : "BetweenEyes-RightEye-Nose",
          "initialPoseForCloudCompare" : "-0.968687951564788818 -0.222354128956794739 -0.110461480915546417 0.390509903430938721 -0.072253987193107605 -0.173181593418121338 0.982235789299011230 -0.310296297073364258 -0.237534105777740479 0.959461629390716553 0.151692986488342285 -0.403522670269012451 0.000000000000000000 0.000000000000000000 0.000000000000000000 1.000000000000000000",
          "initialPose" : [
            -0.96868795156478882,
            -0.22235412895679474,
            -0.11046148091554642,
            0.39050990343093872,
            -0.072253987193107605,
            -0.17318159341812134,
            0.98223578929901123,
            -0.31029629707336426,
            -0.23753410577774048,
            0.95946162939071655,
            0.15169298648834229,
            -0.40352267026901245,
            0,
            0,
            0,
            1
          ]
        },
        {
          "initialPoseForCloudCompare" : "-1.000000000000000000 -0.000000000000003821 -0.000000087422776573 0.328992247581481934 -0.000000087422776573 0.000000043711388287 1.000000000000000000 -0.357713013887405396 0.000000000000000000 1.000000000000000000 -0.000000043711388287 -0.412399232387542725 0.000000000000000000 0.000000000000000000 0.000000000000000000 1.000000000000000000",
          "angularError" : 0.80015265941619873,
          "resultPoseForCloudCompare" : "-0.990741908550262451 -0.135158777236938477 -0.012751512229442596 0.360470086336135864 -0.011863873340189457 -0.007370822597295046 0.999902427196502686 -0.358456641435623169 -0.135239586234092712 0.990796506404876709 0.005699076224118471 -0.393744081258773804 0.000000000000000000 0.000000000000000000 0.000000000000000000 1.000000000000000000",
          "initialPose" : [
            -1,
            -3.82137093032941e-15,
            -8.7422776573475858e-08,
            0.32899224758148193,
            -8.7422776573475858e-08,
            4.3711388286737929e-08,
            1,
            -0.3577130138874054,
            0,
            1,
            -4.3711388286737929e-08,
            -0.41239923238754272,
            0,
            0,
            0,
            1
          ],
          "resultPose" : [
            -0.99074190855026245,
            -0.13515877723693848,
            -0.012751512229442596,
            0.36047008633613586,
            -0.011863873340189457,
            -0.0073708225972950459,
            0.99990242719650269,
            -0.35845664143562317,
            -0.13523958623409271,
            0.99079650640487671,
            0.0056990762241184711,
            -0.3937440812587738,
            0,
            0,
            0,
            1
          ],
          "residualError" : 0.00079742764742468284,
          "name" : "SynchronizedNosePosWatchingStandingAnterior"
        }
      ]
    },
    {
      "marker" : "http:\/\/dev.skia.site\/ardata\/v2_374\/1482\/4_4_HEAD.classic.obj",
      "selectedStep" : {
        "resultPose" : [
          -0.99083596467971802,
          -0.13453952968120575,
          -0.011944322846829891,
          0.36026465892791748,
          -0.010748270899057388,
          -0.0096128387376666069,
          0.99989587068557739,
          -0.35811653733253479,
          -0.13464038074016571,
          0.99086153507232666,
          0.0080786878243088722,
          -0.39413303136825562,
          0,
          0,
          0,
          1
        ],
        "resultPoseForCloudCompare" : "-0.990835964679718018 -0.134539529681205750 -0.011944322846829891 0.360264658927917480 -0.010748270899057388 -0.009612838737666607 0.999895870685577393 -0.358116537332534790 -0.134640380740165710 0.990861535072326660 0.008078687824308872 -0.394133031368255615 0.000000000000000000 0.000000000000000000 0.000000000000000000 1.000000000000000000",
        "residualError" : 0.00072235584806971075,
        "name" : "BetweenEyes-RightEye-Nose",
        "initialPoseForCloudCompare" : "-0.968687951564788818 -0.222354128956794739 -0.110461480915546417 0.390509903430938721 -0.072253987193107605 -0.173181593418121338 0.982235789299011230 -0.310296297073364258 -0.237534105777740479 0.959461629390716553 0.151692986488342285 -0.403522670269012451 0.000000000000000000 0.000000000000000000 0.000000000000000000 1.000000000000000000",
        "initialPose" : [
          -0.96868795156478882,
          -0.22235412895679474,
          -0.11046148091554642,
          0.39050990343093872,
          -0.072253987193107605,
          -0.17318159341812134,
          0.98223578929901123,
          -0.31029629707336426,
          -0.23753410577774048,
          0.95946162939071655,
          0.15169298648834229,
          -0.40352267026901245,
          0,
          0,
          0,
          1
        ]
      },
      "results" : [
        {
          "resultPose" : [
            -0.99082881212234497,
            -0.13461571931838989,
            -0.011697604320943356,
            0.36024001240730286,
            -0.010501179844141006,
            -0.0095940958708524704,
            0.99989879131317139,
            -0.35805591940879822,
            -0.13471426069736481,
            0.99085134267807007,
            0.0080924872308969498,
            -0.39410349726676941,
            0,
            0,
            0,
            1
          ],
          "resultPoseForCloudCompare" : "-0.990828812122344971 -0.134615719318389893 -0.011697604320943356 0.360240012407302856 -0.010501179844141006 -0.009594095870852470 0.999898791313171387 -0.358055919408798218 -0.134714260697364807 0.990851342678070068 0.008092487230896950 -0.394103497266769409 0.000000000000000000 0.000000000000000000 0.000000000000000000 1.000000000000000000",
          "residualError" : 0.00072717210053555731,
          "name" : "Nose-LeftEye-RightEye",
          "initialPoseForCloudCompare" : "-0.987511038780212402 -0.127757176756858826 -0.092195592820644379 0.372758954763412476 -0.079427361488342285 -0.101674050092697144 0.991641879081726074 -0.324637055397033691 -0.136063203215599060 0.986580133438110352 0.090256839990615845 -0.410500168800354004 0.000000000000000000 0.000000000000000000 0.000000000000000000 1.000000000000000000",
          "initialPose" : [
            -0.9875110387802124,
            -0.12775717675685883,
            -0.092195592820644379,
            0.37275895476341248,
            -0.079427361488342285,
            -0.10167405009269714,
            0.99164187908172607,
            -0.32463705539703369,
            -0.13606320321559906,
            0.98658013343811035,
            0.090256839990615845,
            -0.410500168800354,
            0,
            0,
            0,
            1
          ]
        },
        {
          "resultPose" : [
            -0.99081718921661377,
            -0.13471199572086334,
            -0.011553940363228321,
            0.36022377014160156,
            -0.010351866483688354,
            -0.0096204951405525208,
            0.99989998340606689,
            -0.35809031128883362,
            -0.1348097026348114,
            0.99083811044692993,
