{
  "selectedMarker" : {
    "marker" : "http:\/\/asmc.skia.site\/ardata\/v2_42\/168\/3_HEAD.with_ears.obj",
    "selectedStep" : {
      "resultPoseForCloudCompare" : "-0.176838994026184082 0.115120328962802887 -0.977484166622161865 0.284600704908370972 0.113331317901611328 0.988912045955657959 0.095963172614574432 -0.364307701587677002 0.977693200111389160 -0.093809537589550018 -0.187924966216087341 -0.240009069442749023 0.000000000000000000 0.000000000000000000 0.000000000000000000 1.000000000000000000",
      "residualError" : 0.00057097280628194854,
      "angularError" : 8.540125846862793,
      "name" : "SynchronizedNosePosWatchingSupineRight",
      "resultPose" : [
        -0.17683899402618408,
        0.11512032896280289,
        -0.97748416662216187,
        0.28460070490837097,
        0.11333131790161133,
        0.98891204595565796,
        0.095963172614574432,
        -0.364307701587677,
        0.97769320011138916,
        -0.093809537589550018,
        -0.18792496621608734,
        -0.24000906944274902,
        0,
        0,
        0,
        1
      ],
      "initialPose" : [
        -4.3711388286737929e-08,
        0,
        -1,
        0.2885289192199707,
        0,
        1,
        0,
        -0.34520584344863892,
        1,
        0,
        -4.3711388286737929e-08,
        -0.27041280269622803,
        0,
        0,
        0,
        1
      ]
    },
    "results" : [
      {
        "resultPoseForCloudCompare" : "-0.176838994026184082 0.115120328962802887 -0.977484166622161865 0.284600704908370972 0.113331317901611328 0.988912045955657959 0.095963172614574432 -0.364307701587677002 0.977693200111389160 -0.093809537589550018 -0.187924966216087341 -0.240009069442749023 0.000000000000000000 0.000000000000000000 0.000000000000000000 1.000000000000000000",
        "residualError" : 0.00057097280628194854,
        "angularError" : 8.540125846862793,
        "name" : "SynchronizedNosePosWatchingSupineRight",
        "resultPose" : [
          -0.17683899402618408,
          0.11512032896280289,
          -0.97748416662216187,
          0.28460070490837097,
          0.11333131790161133,
          0.98891204595565796,
          0.095963172614574432,
          -0.364307701587677,
          0.97769320011138916,
          -0.093809537589550018,
          -0.18792496621608734,
          -0.24000906944274902,
          0,
          0,
          0,
          1
        ],
        "initialPose" : [
          -4.3711388286737929e-08,
          0,
          -1,
          0.2885289192199707,
          0,
          1,
          0,
          -0.34520584344863892,
          1,
          0,
          -4.3711388286737929e-08,
          -0.27041280269622803,
          0,
          0,
          0,
          1
        ]
      }
    ]
  },
  "calculatedData" : {
    "clinicalTrialSubData" : [
      {
        "matchedMarkingCenters" : [
          {
            "x" : 0.14686748385429382,
            "y" : -0.28349709510803223,
            "z" : -0.26249739527702332
          }
        ],
        "resultPosMatrix" : [
          [
            -0.16078227758407593,
            0.11837637424468994,
            -0.97986537218093872,
            0.28254091739654541,
            0.11699551343917847,
            0.98806780576705933,
            0.10016997158527374,
            -0.3648512065410614,
            0.98003119230270386,
            -0.098534293472766876,
            -0.17271330952644348,
            -0.24070306122303009,
            0,
            0,
            0,
            1
          ]
        ]
      },
      {
        "matchedMarkingCenters" : [
          {
            "x" : 0.14765380322933197,
            "y" : -0.28251218795776367,
            "z" : -0.26374897360801697
          }
        ],
        "resultPosMatrix" : [
          [
            -0.16585557162761688,
            0.1134503036737442,
            -0.97960245609283447,
            0.2836671769618988,
            0.098935753107070923,
            0.99026292562484741,
            0.097934193909168243,
            -0.36350825428962708,
            0.98117464780807495,
            -0.080674774944782257,
            -0.17546491324901581,
            -0.24275459349155426,
            0,
            0,
            0,
            1
          ]
        ]
      },
      {
        "matchedMarkingCenters" : [
          {
            "x" : 0.14853203296661377,
            "y" : -0.28232091665267944,
            "z" : -0.26413920521736145
          }
        ],
        "resultPosMatrix" : [
          [
            -0.17908023297786713,
            0.11775466799736023,
            -0.97676205635070801,
            0.28397974371910095,
            0.098880693316459656,
            0.98993849754333496,
            0.10121431201696396,
            -0.3637700080871582,
            0.97885280847549438,
            -0.078457430005073547,
            -0.18892207741737366,
            -0.24131974577903748,
            0,
            0,
            0,
            1
          ]
        ]
      },
      {
        "matchedMarkingCenters" : [
          {
            "x" : 0.14889565110206604,
            "y" : -0.28354337811470032,
            "z" : -0.26371613144874573
          }
        ],
        "resultPosMatrix" : [
          [
            -0.17683899402618408,
            0.11512032896280289,
            -0.97748416662216187,
            0.28460070490837097,
            0.11333131790161133,
            0.98891204595565796,
            0.095963172614574432,
            -0.364307701587677,
            0.97769320011138916,
            -0.093809537589550018,
            -0.18792496621608734,
            -0.24000906944274902,
            0,
            0,
            0,
            1
          ]
        ]
      }
    ],
    "pointsOfInterest" : {
      "markingCenterOfMass" : [
        {
          "x" : 0.0099728358909487724,
          "y" : 0.066470347344875336,
          "z" : 0.14485509693622589
        }
      ],
      "closestSkinPoint" : [
        {
          "x" : 0.0099740000441670418,
          "y" : 0.06646999716758728,
          "z" : 0.14485499262809753
        }
      ],
      "lesionCenterOfMass" : [
        {
          "x" : 0.015880927443504333,
          "y" : 0.064537085592746735,
          "z" : 0.14400006830692291
        }
      ]
    },
    "clinicalTrialData" : {
      "matchedMarkingCenters" : [
        {
          "x" : 0.14889565110206604,
          "y" : -0.28354337811470032,
          "z" : -0.26371613144874573
        }
      ],
      "resultPosMatrix" : [
        [
          -0.17683899402618408,
          0.11512032896280289,
          -0.97748416662216187,
          0.28460070490837097,
          0.11333131790161133,
          0.98891204595565796,
          0.095963172614574432,
          -0.364307701587677,
          0.97769320011138916,
          -0.093809537589550018,
          -0.18792496621608734,
          -0.24000906944274902,
          0,
          0,
          0,
          1
        ]
      ]
    }
  },
  "elapsedTime" : 0.91385996341705322,
  "results" : [
    {
      "marker" : "http:\/\/asmc.skia.site\/ardata\/v2_42\/168\/2_HEAD.face_only.obj",
      "selectedStep" : {
        "resultPoseForCloudCompare" : "-0.160782277584075928 0.118376374244689941 -0.979865372180938721 0.282540917396545410 0.116995513439178467 0.988067805767059326 0.100169971585273743 -0.364851206541061401 0.980031192302703857 -0.098534293472766876 -0.172713309526443481 -0.240703061223030090 0.000000000000000000 0.000000000000000000 0.000000000000000000 1.000000000000000000",
        "residualError" : 0.00081503800001507889,
        "angularError" : 8.8599357604980469,
        "name" : "SynchronizedNosePosWatchingSupineRight",
        "resultPose" : [
          -0.16078227758407593,
          0.11837637424468994,
          -0.97986537218093872,
          0.28254091739654541,
          0.11699551343917847,
          0.98806780576705933,
          0.10016997158527374,
          -0.3648512065410614,
          0.98003119230270386,
          -0.098534293472766876,
          -0.17271330952644348,
          -0.24070306122303009,
          0,
          0,
          0,
          1
        ],
        "initialPose" : [
          -4.3711388286737929e-08,
          0,
          -1,
          0.2885289192199707,
          0,
          1,
          0,
          -0.34520584344863892,
          1,
          0,
          -4.3711388286737929e-08,
          -0.27041280269622803,
          0,
          0,
          0,
          1
        ]
      },
      "results" : [
        {
          "resultPoseForCloudCompare" : "-0.160782277584075928 0.118376374244689941 -0.979865372180938721 0.282540917396545410 0.116995513439178467 0.988067805767059326 0.100169971585273743 -0.364851206541061401 0.980031192302703857 -0.098534293472766876 -0.172713309526443481 -0.240703061223030090 0.000000000000000000 0.000000000000000000 0.000000000000000000 1.000000000000000000",
          "residualError" : 0.00081503800001507889,
          "angularError" : 8.8599357604980469,
          "name" : "SynchronizedNosePosWatchingSupineRight",
          "resultPose" : [
            -0.16078227758407593,
            0.11837637424468994,
            -0.97986537218093872,
            0.28254091739654541,
            0.11699551343917847,
            0.98806780576705933,
            0.10016997158527374,
            -0.3648512065410614,
            0.98003119230270386,
            -0.098534293472766876,
            -0.17271330952644348,
            -0.24070306122303009,
            0,
            0,
            0,
            1
          ],
          "initialPose" : [
            -4.3711388286737929e-08,
            0,
            -1,
            0.2885289192199707,
            0,
            1,
            0,
            -0.34520584344863892,
            1,
            0,
            -4.3711388286737929e-08,
            -0.27041280269622803,
            0,
            0,
            0,
            1
          ]
        }
      ]
    },
    {
      "marker" : "http:\/\/asmc.skia.site\/ardata\/v2_42\/168\/1_HEAD.default.obj",
      "selectedStep" : {
        "resultPoseForCloudCompare" : "-0.165855571627616882 0.113450303673744202 -0.979602456092834473 0.283667176961898804 0.098935753107070923 0.990262925624847412 0.097934193909168243 -0.363508254289627075 0.981174647808074951 -0.080674774944782257 -0.175464913249015808 -0.242754593491554260 0.000000000000000000 0.000000000000000000 0.000000000000000000 1.000000000000000000",
        "residualError" : 0.00066255459265895705,
        "angularError" : 8.0021171569824219,
        "name" : "SynchronizedNosePosWatchingSupineRight",
        "resultPose" : [
          -0.16585557162761688,
          0.1134503036737442,
          -0.97960245609283447,
          0.2836671769618988,
          0.098935753107070923,
          0.99026292562484741,
          0.097934193909168243,
          -0.36350825428962708,
          0.98117464780807495,
          -0.080674774944782257,
          -0.17546491324901581,
          -0.24275459349155426,
          0,
          0,
          0,
          1
        ],
        "initialPose" : [
          -4.3711388286737929e-08,
          0,
          -1,
          0.2885289192199707,
          0,
          1,
          0,
          -0.34520584344863892,
          1,
          0,
          -4.3711388286737929e-08,
          -0.27041280269622803,
          0,
          0,
          0,
          1
        ]
      },
      "results" : [
        {
          "resultPoseForCloudCompare" : "-0.165855571627616882 0.113450303673744202 -0.979602456092834473 0.283667176961898804 0.098935753107070923 0.990262925624847412 0.097934193909168243 -0.363508254289627075 0.981174647808074951 -0.080674774944782257 -0.175464913249015808 -0.242754593491554260 0.000000000000000000 0.000000000000000000 0.000000000000000000 1.000000000000000000",
          "residualError" : 0.00066255459265895705,
          "angularError" : 8.0021171569824219,
          "name" : "SynchronizedNosePosWatchingSupineRight",
          "resultPose" : [
            -0.16585557162761688,
            0.1134503036737442,
            -0.97960245609283447,
            0.2836671769618988,
            0.098935753107070923,
            0.99026292562484741,
            0.097934193909168243,
            -0.36350825428962708,
            0.98117464780807495,
            -0.080674774944782257,
            -0.17546491324901581,
            -0.24275459349155426,
            0,
            0,
            0,
            1
          ],
          "initialPose" : [
            -4.3711388286737929e-08,
            0,
            -1,
            0.2885289192199707,
            0,
            1,
            0,
            -0.34520584344863892,
            1,
            0,
            -4.3711388286737929e-08,
            -0.27041280269622803,
            0,
            0,
            0,
            1
          ]
        }
      ]
    },
    {
      "marker" : "http:\/\/asmc.skia.site\/ardata\/v2_42\/168\/0_HEAD.classic.obj",
      "selectedStep" : {
        "resultPoseForCloudCompare" : "-0.179080232977867126 0.117754667997360229 -0.976762056350708008 0.283979743719100952 0.098880693316459656 0.989938497543334961 0.101214312016963959 -0.363770008087158203 0.978852808475494385 -0.078457430005073547 -0.188922077417373657 -0.241319745779037476 0.000000000000000000 0.000000000000000000 0.000000000000000000 1.000000000000000000",
        "residualError" : 0.00065919149712919409,
        "angularError" : 8.1345319747924805,
        "name" : "SynchronizedNosePosWatchingSupineRight",
        "resultPose" : [
          -0.17908023297786713,
          0.11775466799736023,
          -0.97676205635070801,
          0.28397974371910095,
          0.098880693316459656,
          0.98993849754333496,
          0.10121431201696396,
          -0.3637700080871582,
          0.97885280847549438,
          -0.078457430005073547,
          -0.18892207741737366,
          -0.24131974577903748,
          0,
          0,
          0,
          1
        ],
        "initialPose" : [
          -4.3711388286737929e-08,
          0,
          -1,
          0.2885289192199707,
          0,
          1,
          0,
          -0.34520584344863892,
          1,
          0,
          -4.3711388286737929e-08,
          -0.27041280269622803,
          0,
          0,
          0,
          1
        ]
      },
      "results" : [
        {
          "resultPoseForCloudCompare" : "-0.179080232977867126 0.117754667997360229 -0.976762056350708008 0.283979743719100952 0.098880693316459656 0.989938497543334961 0.101214312016963959 -0.363770008087158203 0.978852808475494385 -0.078457430005073547 -0.188922077417373657 -0.241319745779037476 0.000000000000000000 0.000000000000000000 0.000000000000000000 1.000000000000000000",
          "residualError" : 0.00065919149712919409,
          "angularError" : 8.1345319747924805,
          "name" : "SynchronizedNosePosWatchingSupineRight",
          "resultPose" : [
            -0.17908023297786713,
            0.11775466799736023,
            -0.97676205635070801,
            0.28397974371910095,
            0.098880693316459656,
            0.98993849754333496,
            0.10121431201696396,
            -0.3637700080871582,
            0.97885280847549438,
            -0.078457430005073547,
            -0.18892207741737366,
            -0.24131974577903748,
            0,
            0,
            0,
            1
          ],
          "initialPose" : [
            -4.3711388286737929e-08,
            0,
            -1,
            0.2885289192199707,
            0,
            1,
            0,
            -0.34520584344863892,
            1,
            0,
            -4.3711388286737929e-08,
            -0.27041280269622803,
            0,
            0,
            0,
            1
          ]
        }
      ]
    },
    {
      "marker" : "http:\/\/asmc.skia.site\/ardata\/v2_42\/168\/3_HEAD.with_ears.obj",
      "selectedStep" : {
        "resultPoseForCloudCompare" : "-0.176838994026184082 0.115120328962802887 -0.977484166622161865 0.284600704908370972 0.113331317901611328 0.988912045955657959 0.095963172614574432 -0.364307701587677002 0.977693200111389160 -0.093809537589550018 -0.187924966216087341 -0.240009069442749023 0.000000000000000000 0.000000000000000000 0.000000000000000000 1.000000000000000000",
        "residualError" : 0.00057097280628194854,
        "angularError" : 8.540125846862793,
        "name" : "SynchronizedNosePosWatchingSupineRight",
        "resultPose" : [
          -0.17683899402618408,
          0.11512032896280289,
          -0.97748416662216187,
          0.28460070490837097,
          0.11333131790161133,
          0.98891204595565796,
          0.095963172614574432,
          -0.364307701587677,
          0.97769320011138916,
          -0.093809537589550018,
          -0.18792496621608734,
          -0.24000906944274902,
          0,
          0,
          0,
          1
        ],
        "initialPose" : [
          -4.3711388286737929e-08,
          0,
          -1,
          0.2885289192199707,
          0,
          1,
          0,
          -0.34520584344863892,
          1,
          0,
          -4.3711388286737929e-08,
          -0.27041280269622803,
          0,
          0,
          0,
          1
        ]
      },
      "results" : [
        {
          "resultPoseForCloudCompare" : "-0.176838994026184082 0.115120328962802887 -0.977484166622161865 0.284600704908370972 0.113331317901611328 0.988912045955657959 0.095963172614574432 -0.364307701587677002 0.977693200111389160 -0.093809537589550018 -0.187924966216087341 -0.240009069442749023 0.000000000000000000 0.000000000000000000 0.000000000000000000 1.000000000000000000",
          "residualError" : 0.00057097280628194854,
          "angularError" : 8.540125846862793,
          "name" : "SynchronizedNosePosWatchingSupineRight",
          "resultPose" : [
            -0.17683899402618408,
            0.11512032896280289,
            -0.97748416662216187,
            0.28460070490837097,
            0.11333131790161133,
            0.98891204595565796,
            0.095963172614574432,
            -0.364307701587677,
            0.97769320011138916,
            -0.093809537589550018,
            -0.18792496621608734,
            -0.24000906944274902,
            0,
            0,
            0,
            1
          ],
          "initialPose" : [
            -4.3711388286737929e-08,
            0,
            -1,
            0.2885289192199707,
            0,
            1,
            0,
            -0.34520584344863892,
            1,
            0,
            -4.3711388286737929e-08,
            -0.27041280269622803,
            0,
            0,
            0,
            1
          ]
        }
      ]
    }
  ],
  "additionalInfo" : {
    "nosePosInScene" : {
      "x" : 0.19956687092781067,
      "y" : -0.19799484312534332,
      "z" : -0.18605780601501465
    },
    "cameraProjection" : [
      1.6668204069137573,
      0,
      0,
      0,
      0,
      2.2224271297454834,
      0,
      0,
      0,
      5.9604644775390625e-08,
      -1.0100502967834473,
      -1,
      0,
      0,
      -0.20100502669811249,
      0
    ],
    "medicalInfo" : "http:\/\/asmc.skia.site\/v2\/Mars\/MedicalInfo\/42",
    "marsCoreVersion" : "1.1.1",
    "scanningCubeSizeInMeter" : {
      "x" : 0.40000000596046448,
      "y" : 0.40000000596046448,
      "z" : 0.40000000596046448
    },
    "glViewport" : [
      1.7333437204360962,
      0,
      0,
      0,
      0,
      -2.3111250400543213,
      0,
      0,
      -0.072656214237213135,
      0.038103938102722168,
      1.0100502967834473,
      1,
      0,
      0,
      -0.20100502669811249,
      0
    ],
    "cameraPose" : [
      0.984932541847229,
      -0.015027387067675591,
      0.17228418588638306,
      0,
      0.11822088807821274,
      0.78560030460357666,
      -0.60733538866043091,
      0,
      -0.12621983885765076,
      0.61855208873748779,
      0.77553969621658325,
      0,
      0.099017366766929626,
      0.10310684144496918,
      0.21947300434112549,
      1
    ],
    "patientPosePresetByML" : 2
  },
  "algorithm" : "icpOnly",
  "parameters" : {
    "ppfMatching" : {
      "sceneSamplingStep" : 0.050000000000000003,
      "sceneDistance" : 0.025000000000000001
    },
    "ppfTraining" : {
      "relativeSamplingStep" : 0.025000000000000001,
      "relativeDistanceStep" : 0.050000000000000003,
      "numAngles" : 60
    },
    "icp" : {
      "tolerence" : 0.004999999888241291,
      "rejectionScale" : 2.5,
      "iterations" : 100,
      "numLevels" : 8
    },
    "mars" : {
      "maxPpfResultCount" : 5
    }
  }
}