{
  "selectedMarker" : {
    "marker" : "http:\/\/asmc.skia.site\/ardata\/v2_51\/204\/0_DEFAULT.classic.obj",
    "selectedStep" : {
      "resultPoseForCloudCompare" : "-0.101464636623859406 0.035442426800727844 -0.994207620620727539 0.281923115253448486 0.050277471542358398 0.998270809650421143 0.030456170439720154 -0.362583428621292114 0.993567883968353271 -0.046896018087863922 -0.103071145713329315 -0.284675836563110352 0.000000000000000000 0.000000000000000000 0.000000000000000000 1.000000000000000000",
      "residualError" : 0.00050334275436367173,
      "angularError" : 3.3699359893798828,
      "name" : "AimPosWatchingSupineRight",
      "resultPose" : [
        -0.10146463662385941,
        0.035442426800727844,
        -0.99420762062072754,
        0.28192311525344849,
        0.050277471542358398,
        0.99827080965042114,
        0.030456170439720154,
        -0.36258342862129211,
        0.99356788396835327,
        -0.046896018087863922,
        -0.10307114571332932,
        -0.28467583656311035,
        0,
        0,
        0,
        1
      ],
      "initialPose" : [
        -4.3711388286737929e-08,
        0,
        -1,
        0.29187500476837158,
        0,
        1,
        0,
        -0.3675830066204071,
        1,
        0,
        -4.3711388286737929e-08,
        -0.28932350873947144,
        0,
        0,
        0,
        1
      ]
    },
    "results" : [
      {
        "resultPoseForCloudCompare" : "-0.101597018539905548 0.035491637885570526 -0.994192302227020264 0.281894445419311523 0.050471931695938110 0.998260319232940674 0.030479107052087784 -0.362608462572097778 0.993544459342956543 -0.047082222998142242 -0.103211596608161926 -0.284651190042495728 0.000000000000000000 0.000000000000000000 0.000000000000000000 1.000000000000000000",
        "residualError" : 0.00050071433079011316,
        "angularError" : 3.3801455497741699,
        "name" : "SceneCenterPosWatchingSupineRight",
        "resultPose" : [
          -0.10159701853990555,
          0.035491637885570526,
          -0.99419230222702026,
          0.28189444541931152,
          0.05047193169593811,
          0.99826031923294067,
          0.030479107052087784,
          -0.36260846257209778,
          0.99354445934295654,
          -0.047082222998142242,
          -0.10321159660816193,
          -0.28465119004249573,
          0,
          0,
          0,
          1
        ],
        "initialPose" : [
          -4.3711388286737929e-08,
          0,
          -1,
          0.28987503051757812,
          0,
          1,
          0,
          -0.3506450355052948,
          1,
          0,
          -4.3711388286737929e-08,
          -0.28732350468635559,
          0,
          0,
          0,
          1
        ]
      },
      {
        "resultPoseForCloudCompare" : "-0.101756408810615540 0.035650838166475296 -0.994170308113098145 0.281873613595962524 0.050711251795291901 0.998244285583496094 0.030606472864747047 -0.362647742033004761 0.993515968322753906 -0.047301217913627625 -0.103385649621486664 -0.284603029489517212 0.000000000000000000 0.000000000000000000 0.000000000000000000 1.000000000000000000",
        "residualError" : 0.00049806877994236064,
        "angularError" : 3.3956906795501709,
        "name" : "SceneTopPosWatchingSupineRight",
        "resultPose" : [
          -0.10175640881061554,
          0.035650838166475296,
          -0.99417030811309814,
          0.28187361359596252,
          0.050711251795291901,
          0.99824428558349609,
          0.030606472864747047,
          -0.36264774203300476,
          0.99351596832275391,
          -0.047301217913627625,
          -0.10338564962148666,
          -0.28460302948951721,
          0,
          0,
          0,
          1
        ],
        "initialPose" : [
          -4.3711388286737929e-08,
          0,
          -1,
          0.28987503051757812,
          0,
          1,
          0,
          -0.22295156121253967,
          1,
          0,
          -4.3711388286737929e-08,
          -0.28732350468635559,
          0,
          0,
          0,
          1
        ]
      },
      {
        "resultPoseForCloudCompare" : "-0.101464636623859406 0.035442426800727844 -0.994207620620727539 0.281923115253448486 0.050277471542358398 0.998270809650421143 0.030456170439720154 -0.362583428621292114 0.993567883968353271 -0.046896018087863922 -0.103071145713329315 -0.284675836563110352 0.000000000000000000 0.000000000000000000 0.000000000000000000 1.000000000000000000",
        "residualError" : 0.00050334275436367173,
        "angularError" : 3.3699359893798828,
        "name" : "AimPosWatchingSupineRight",
        "resultPose" : [
          -0.10146463662385941,
          0.035442426800727844,
          -0.99420762062072754,
          0.28192311525344849,
          0.050277471542358398,
          0.99827080965042114,
          0.030456170439720154,
          -0.36258342862129211,
          0.99356788396835327,
          -0.046896018087863922,
          -0.10307114571332932,
          -0.28467583656311035,
          0,
          0,
          0,
          1
        ],
        "initialPose" : [
          -4.3711388286737929e-08,
          0,
          -1,
          0.29187500476837158,
          0,
          1,
          0,
          -0.3675830066204071,
          1,
          0,
          -4.3711388286737929e-08,
          -0.28932350873947144,
          0,
          0,
          0,
          1
        ]
      }
    ]
  },
  "calculatedData" : {
    "clinicalTrialSubData" : [
      {
        "matchedMarkingCenters" : [
          {
            "x" : 0.15809953212738037,
            "y" : -0.20245133340358734,
            "z" : -0.21538493037223816
          }
        ],
        "resultPosMatrix" : [
          [
            -0.10146463662385941,
            0.035442426800727844,
            -0.99420762062072754,
            0.28192311525344849,
            0.050277471542358398,
            0.99827080965042114,
            0.030456170439720154,
            -0.36258342862129211,
            0.99356788396835327,
            -0.046896018087863922,
            -0.10307114571332932,
            -0.28467583656311035,
            0,
            0,
            0,
            1
          ]
        ]
      }
    ],
    "pointsOfInterest" : {
      "markingCenterOfMass" : [
        {
          "x" : 0.08945995569229126,
          "y" : 0.15221710503101349,
          "z" : 0.12084147334098816
        }
      ],
      "closestSkinPoint" : [
        {
          "x" : 0.089668996632099152,
          "y" : 0.15144699811935425,
          "z" : 0.12055300176143646
        }
      ],
      "lesionCenterOfMass" : [
        {
          "x" : 0.090571582317352295,
          "y" : 0.14812500774860382,
          "z" : 0.11930867284536362
        }
      ]
    },
    "clinicalTrialData" : {
      "matchedMarkingCenters" : [
        {
          "x" : 0.15809953212738037,
          "y" : -0.20245133340358734,
          "z" : -0.21538493037223816
        }
      ],
      "resultPosMatrix" : [
        [
          -0.10146463662385941,
          0.035442426800727844,
          -0.99420762062072754,
          0.28192311525344849,
          0.050277471542358398,
          0.99827080965042114,
          0.030456170439720154,
          -0.36258342862129211,
          0.99356788396835327,
          -0.046896018087863922,
          -0.10307114571332932,
          -0.28467583656311035,
          0,
          0,
          0,
          1
        ]
      ]
    }
  },
  "elapsedTime" : 1.9506510496139526,
  "results" : [
    {
      "marker" : "http:\/\/asmc.skia.site\/ardata\/v2_51\/204\/0_DEFAULT.classic.obj",
      "selectedStep" : {
        "resultPoseForCloudCompare" : "-0.101464636623859406 0.035442426800727844 -0.994207620620727539 0.281923115253448486 0.050277471542358398 0.998270809650421143 0.030456170439720154 -0.362583428621292114 0.993567883968353271 -0.046896018087863922 -0.103071145713329315 -0.284675836563110352 0.000000000000000000 0.000000000000000000 0.000000000000000000 1.000000000000000000",
        "residualError" : 0.00050334275436367173,
        "angularError" : 3.3699359893798828,
        "name" : "AimPosWatchingSupineRight",
        "resultPose" : [
          -0.10146463662385941,
          0.035442426800727844,
          -0.99420762062072754,
          0.28192311525344849,
          0.050277471542358398,
          0.99827080965042114,
          0.030456170439720154,
          -0.36258342862129211,
          0.99356788396835327,
          -0.046896018087863922,
          -0.10307114571332932,
          -0.28467583656311035,
          0,
          0,
          0,
          1
        ],
        "initialPose" : [
          -4.3711388286737929e-08,
          0,
          -1,
          0.29187500476837158,
          0,
          1,
          0,
          -0.3675830066204071,
          1,
          0,
          -4.3711388286737929e-08,
          -0.28932350873947144,
          0,
          0,
          0,
          1
        ]
      },
      "results" : [
        {
          "resultPoseForCloudCompare" : "-0.101597018539905548 0.035491637885570526 -0.994192302227020264 0.281894445419311523 0.050471931695938110 0.998260319232940674 0.030479107052087784 -0.362608462572097778 0.993544459342956543 -0.047082222998142242 -0.103211596608161926 -0.284651190042495728 0.000000000000000000 0.000000000000000000 0.000000000000000000 1.000000000000000000",
          "residualError" : 0.00050071433079011316,
          "angularError" : 3.3801455497741699,
          "name" : "SceneCenterPosWatchingSupineRight",
          "resultPose" : [
            -0.10159701853990555,
            0.035491637885570526,
            -0.99419230222702026,
            0.28189444541931152,
            0.05047193169593811,
            0.99826031923294067,
            0.030479107052087784,
            -0.36260846257209778,
            0.99354445934295654,
            -0.047082222998142242,
            -0.10321159660816193,
            -0.28465119004249573,
            0,
            0,
            0,
            1
          ],
          "initialPose" : [
            -4.3711388286737929e-08,
            0,
            -1,
            0.28987503051757812,
            0,
            1,
            0,
            -0.3506450355052948,
            1,
            0,
            -4.3711388286737929e-08,
            -0.28732350468635559,
            0,
            0,
            0,
            1
          ]
        },
        {
          "resultPoseForCloudCompare" : "-0.101756408810615540 0.035650838166475296 -0.994170308113098145 0.281873613595962524 0.050711251795291901 0.998244285583496094 0.030606472864747047 -0.362647742033004761 0.993515968322753906 -0.047301217913627625 -0.103385649621486664 -0.284603029489517212 0.000000000000000000 0.000000000000000000 0.000000000000000000 1.000000000000000000",
          "residualError" : 0.00049806877994236064,
          "angularError" : 3.3956906795501709,
          "name" : "SceneTopPosWatchingSupineRight",
          "resultPose" : [
            -0.10175640881061554,
            0.035650838166475296,
            -0.99417030811309814,
            0.28187361359596252,
            0.050711251795291901,
            0.99824428558349609,
            0.030606472864747047,
            -0.36264774203300476,
            0.99351596832275391,
            -0.047301217913627625,
            -0.10338564962148666,
            -0.28460302948951721,
            0,
            0,
            0,
            1
          ],
          "initialPose" : [
            -4.3711388286737929e-08,
            0,
            -1,
            0.28987503051757812,
            0,
            1,
            0,
            -0.22295156121253967,
            1,
            0,
            -4.3711388286737929e-08,
            -0.28732350468635559,
            0,
            0,
            0,
            1
          ]
        },
        {
          "resultPoseForCloudCompare" : "-0.101464636623859406 0.035442426800727844 -0.994207620620727539 0.281923115253448486 0.050277471542358398 0.998270809650421143 0.030456170439720154 -0.362583428621292114 0.993567883968353271 -0.046896018087863922 -0.103071145713329315 -0.284675836563110352 0.000000000000000000 0.000000000000000000 0.000000000000000000 1.000000000000000000",
          "residualError" : 0.00050334275436367173,
          "angularError" : 3.3699359893798828,
          "name" : "AimPosWatchingSupineRight",
          "resultPose" : [
            -0.10146463662385941,
            0.035442426800727844,
            -0.99420762062072754,
            0.28192311525344849,
            0.050277471542358398,
            0.99827080965042114,
            0.030456170439720154,
            -0.36258342862129211,
            0.99356788396835327,
            -0.046896018087863922,
            -0.10307114571332932,
            -0.28467583656311035,
            0,
            0,
            0,
            1
          ],
          "initialPose" : [
            -4.3711388286737929e-08,
            0,
            -1,
            0.29187500476837158,
            0,
            1,
            0,
            -0.3675830066204071,
            1,
            0,
            -4.3711388286737929e-08,
            -0.28932350873947144,
            0,
            0,
            0,
            1
          ]
        }
      ]
    }
  ],
  "additionalInfo" : {
    "nosePosInScene" : {
      "x" : 0.18688888847827911,
      "y" : -0.19280959665775299,
      "z" : -0.20031222701072693
    },
    "cameraProjection" : [
      1.6654082536697388,
      0,
      0,
      0,
      0,
      2.2205440998077393,
      0,
      0,
      0,
      5.9604644775390625e-08,
      -1.0100502967834473,
      -1,
      0,
      0,
      -0.20100502669811249,
      0
    ],
    "medicalInfo" : "http:\/\/asmc.skia.site\/v2\/Mars\/MedicalInfo\/51",
    "marsCoreVersion" : "1.1.1",
    "scanningCubeSizeInMeter" : {
      "x" : 0.40000000596046448,
      "y" : 0.40000000596046448,
      "z" : 0.40000000596046448
    },
    "glViewport" : [
      1.7437969446182251,
      0,
      0,
      0,
      0,
      -2.3250627517700195,
      0,
      0,
      -0.055468738079071045,
      0.048422574996948242,
      1.0100502967834473,
      1,
      0,
      0,
      -0.20100502669811249,
      0
    ],
    "cameraPose" : [
      0.99759900569915771,
      0.023312779143452644,
      0.065217219293117523,
      0,
      0.057139739394187927,
      0.25509268045425415,
      -0.96522670984268188,
      0,
      -0.039138544350862503,
      0.96663534641265869,
      0.25314804911613464,
      0,
      0.16313961148262024,
      0.33468374609947205,
      -0.12904952466487885,
      1
    ],
    "patientPosePresetByML" : 2
  },
  "algorithm" : "icpOnly",
  "parameters" : {
    "ppfMatching" : {
      "sceneSamplingStep" : 0.050000000000000003,
      "sceneDistance" : 0.025000000000000001
    },
    "ppfTraining" : {
      "relativeSamplingStep" : 0.025000000000000001,
      "relativeDistanceStep" : 0.050000000000000003,
      "numAngles" : 60
    },
    "icp" : {
      "tolerence" : 0.004999999888241291,
      "rejectionScale" : 2.5,
      "iterations" : 100,
      "numLevels" : 8
    },
    "mars" : {
      "maxPpfResultCount" : 5
    }
  }
}