{
  "selectedMarker" : {
    "marker" : "http:\/\/asmc.skia.site\/ardata\/v2_49\/196\/0_DEFAULT.classic.obj",
    "selectedStep" : {
      "resultPoseForCloudCompare" : "0.187407791614532471 -0.075082167983055115 -0.979408502578735352 0.298159062862396240 0.175520092248916626 0.983587324619293213 -0.041817117482423782 -0.361172497272491455 0.966473519802093506 -0.164069011807441711 0.197510361671447754 -0.294474780559539795 0.000000000000000000 0.000000000000000000 0.000000000000000000 1.000000000000000000",
      "residualError" : 0.00053669259137697838,
      "angularError" : 10.394966125488281,
      "name" : "SynchronizedNosePosWatchingSupineRight",
      "resultPose" : [
        0.18740779161453247,
        -0.075082167983055115,
        -0.97940850257873535,
        0.29815906286239624,
        0.17552009224891663,
        0.98358732461929321,
        -0.041817117482423782,
        -0.36117249727249146,
        0.96647351980209351,
        -0.16406901180744171,
        0.19751036167144775,
        -0.29447478055953979,
        0,
        0,
        0,
        1
      ],
      "initialPose" : [
        -4.3711388286737929e-08,
        0,
        -1,
        0.30495655536651611,
        0,
        1,
        0,
        -0.34970009326934814,
        1,
        0,
        -4.3711388286737929e-08,
        -0.30199748277664185,
        0,
        0,
        0,
        1
      ]
    },
    "results" : [
      {
        "resultPoseForCloudCompare" : "0.187407791614532471 -0.075082167983055115 -0.979408502578735352 0.298159062862396240 0.175520092248916626 0.983587324619293213 -0.041817117482423782 -0.361172497272491455 0.966473519802093506 -0.164069011807441711 0.197510361671447754 -0.294474780559539795 0.000000000000000000 0.000000000000000000 0.000000000000000000 1.000000000000000000",
        "residualError" : 0.00053669259137697838,
        "angularError" : 10.394966125488281,
        "name" : "SynchronizedNosePosWatchingSupineRight",
        "resultPose" : [
          0.18740779161453247,
          -0.075082167983055115,
          -0.97940850257873535,
          0.29815906286239624,
          0.17552009224891663,
          0.98358732461929321,
          -0.041817117482423782,
          -0.36117249727249146,
          0.96647351980209351,
          -0.16406901180744171,
          0.19751036167144775,
          -0.29447478055953979,
          0,
          0,
          0,
          1
        ],
        "initialPose" : [
          -4.3711388286737929e-08,
          0,
          -1,
          0.30495655536651611,
          0,
          1,
          0,
          -0.34970009326934814,
          1,
          0,
          -4.3711388286737929e-08,
          -0.30199748277664185,
          0,
          0,
          0,
          1
        ]
      }
    ]
  },
  "calculatedData" : {
    "clinicalTrialSubData" : [
      {
        "matchedMarkingCenters" : [

        ],
        "resultPosMatrix" : [

        ]
      }
    ],
    "pointsOfInterest" : {
      "markingCenterOfMass" : [

      ],
      "closestSkinPoint" : [

      ],
      "lesionCenterOfMass" : [

      ]
    },
    "clinicalTrialData" : {
      "matchedMarkingCenters" : [

      ],
      "resultPosMatrix" : [

      ]
    }
  },
  "elapsedTime" : 0.7307969331741333,
  "results" : [
    {
      "marker" : "http:\/\/asmc.skia.site\/ardata\/v2_49\/196\/0_DEFAULT.classic.obj",
      "selectedStep" : {
        "resultPoseForCloudCompare" : "0.187407791614532471 -0.075082167983055115 -0.979408502578735352 0.298159062862396240 0.175520092248916626 0.983587324619293213 -0.041817117482423782 -0.361172497272491455 0.966473519802093506 -0.164069011807441711 0.197510361671447754 -0.294474780559539795 0.000000000000000000 0.000000000000000000 0.000000000000000000 1.000000000000000000",
        "residualError" : 0.00053669259137697838,
        "angularError" : 10.394966125488281,
        "name" : "SynchronizedNosePosWatchingSupineRight",
        "resultPose" : [
          0.18740779161453247,
          -0.075082167983055115,
          -0.97940850257873535,
          0.29815906286239624,
          0.17552009224891663,
          0.98358732461929321,
          -0.041817117482423782,
          -0.36117249727249146,
          0.96647351980209351,
          -0.16406901180744171,
          0.19751036167144775,
          -0.29447478055953979,
          0,
          0,
          0,
          1
        ],
        "initialPose" : [
          -4.3711388286737929e-08,
          0,
          -1,
          0.30495655536651611,
          0,
          1,
          0,
          -0.34970009326934814,
          1,
          0,
          -4.3711388286737929e-08,
          -0.30199748277664185,
          0,
          0,
          0,
          1
        ]
      },
      "results" : [
        {
          "resultPoseForCloudCompare" : "0.187407791614532471 -0.075082167983055115 -0.979408502578735352 0.298159062862396240 0.175520092248916626 0.983587324619293213 -0.041817117482423782 -0.361172497272491455 0.966473519802093506 -0.164069011807441711 0.197510361671447754 -0.294474780559539795 0.000000000000000000 0.000000000000000000 0.000000000000000000 1.000000000000000000",
          "residualError" : 0.00053669259137697838,
          "angularError" : 10.394966125488281,
          "name" : "SynchronizedNosePosWatchingSupineRight",
          "resultPose" : [
            0.18740779161453247,
            -0.075082167983055115,
            -0.97940850257873535,
            0.29815906286239624,
            0.17552009224891663,
            0.98358732461929321,
            -0.041817117482423782,
            -0.36117249727249146,
            0.96647351980209351,
            -0.16406901180744171,
            0.19751036167144775,
            -0.29447478055953979,
            0,
            0,
            0,
            1
          ],
          "initialPose" : [
            -4.3711388286737929e-08,
            0,
            -1,
            0.30495655536651611,
            0,
            1,
            0,
            -0.34970009326934814,
            1,
            0,
            -4.3711388286737929e-08,
            -0.30199748277664185,
            0,
            0,
            0,
            1
          ]
        }
      ]
    }
  ],
  "additionalInfo" : {
    "nosePosInScene" : {
      "x" : 0.21958453953266144,
      "y" : -0.1880950927734375,
      "z" : -0.21311947703361511
    },
    "cameraProjection" : [
      1.6654082536697388,
      0,
      0,
      0,
      0,
      2.2205440998077393,
      0,
      0,
      0,
      5.9604644775390625e-08,
      -1.0100502967834473,
      -1,
      0,
      0,
      -0.20100502669811249,
      0
    ],
    "medicalInfo" : "http:\/\/asmc.skia.site\/v2\/Mars\/MedicalInfo\/49",
    "marsCoreVersion" : "1.1.1",
    "scanningCubeSizeInMeter" : {
      "x" : 0.40000000596046448,
      "y" : 0.40000000596046448,
      "z" : 0.40000000596046448
    },
    "glViewport" : [
      1.7437969446182251,
      0,
      0,
      0,
      0,
      -2.3250627517700195,
      0,
      0,
      -0.055468738079071045,
      0.048422574996948242,
      1.0100502967834473,
      1,
      0,
      0,
      -0.20100502669811249,
      0
    ],
    "cameraPose" : [
      0.99767166376113892,
      -0.010829683393239975,
      -0.067337900400161743,
      0,
      -0.066306255757808685,
      0.077225886285305023,
      -0.99480623006820679,
      0,
      0.015973657369613647,
      0.99695461988449097,
      0.076327964663505554,
      0,
      0.19804787635803223,
      0.23484478890895844,
      -0.15364779531955719,
      1
    ],
    "patientPosePresetByML" : 2
  },
  "algorithm" : "icpOnly",
  "parameters" : {
    "ppfMatching" : {
      "sceneSamplingStep" : 0.050000000000000003,
      "sceneDistance" : 0.025000000000000001
    },
    "ppfTraining" : {
      "relativeSamplingStep" : 0.025000000000000001,
      "relativeDistanceStep" : 0.050000000000000003,
      "numAngles" : 60
    },
    "icp" : {
      "tolerence" : 0.004999999888241291,
      "rejectionScale" : 2.5,
      "iterations" : 100,
      "numLevels" : 8
    },
    "mars" : {
      "maxPpfResultCount" : 5
    }
  }
}